0.000000 0.000000 0.000000 0.000000
0.005000 0.000000 0.000000 0.000000
0.010000 0.000000 0.000000 0.000000
0.015000 0.000000 0.000000 0.000000
0.020000 0.000000 0.000000 0.000000
0.025000 0.000000 0.000000 0.000000
0.030000 0.000000 0.000000 0.000000
0.035000 0.000000 0.000000 0.000000
0.040000 0.000000 0.000000 0.000000
0.045000 0.000000 0.000000 0.000000
0.050000 -0.000000 0.000000 -0.000000
0.055000 -0.000000 0.000000 -0.000000
0.060000 -0.000000 0.000000 -0.000000
0.065000 -0.000000 0.000000 -0.000000
0.070000 -0.000000 0.000000 -0.000000
0.075000 -0.000000 0.000000 -0.000000
0.080000 -0.000000 0.000000 -0.000000
0.085000 -0.000000 0.000000 -0.000000
0.090000 -0.000000 0.000000 -0.000000
0.095000 -0.000000 0.000000 -0.000000
0.100000 -0.000000 0.000000 -0.000000
0.105000 -0.000000 0.000000 -0.000000
0.110000 -0.000000 0.000000 -0.000000
0.115000 -0.000000 0.000000 -0.000000
0.120000 -0.000000 0.000000 -0.000000
0.125000 -0.000000 0.000000 -0.000000
0.130000 -0.000000 0.000000 -0.000000
0.135000 -0.000000 0.000000 -0.000000
0.140000 -0.000000 0.000000 -0.000000
0.145000 -0.000000 0.000000 -0.000000
0.150000 -0.000000 0.000000 -0.000000
0.155000 -0.000000 0.000000 -0.000000
0.160000 -0.000000 0.000000 -0.000000
0.165000 -0.000000 0.000000 -0.000000
0.170000 -0.000000 0.000000 -0.000000
0.175000 -0.000000 0.000000 -0.000000
0.180000 -0.000000 0.000000 -0.000000
0.185000 -0.000000 0.000000 -0.000000
0.190000 -0.000000 0.000000 0.000000
0.195000 0.000000 0.000000 0.000000
0.200000 0.000000 0.000000 0.000000
0.205000 0.000000 0.000000 0.000000
0.210000 0.000000 0.000000 0.000000
0.215000 0.000000 0.000000 0.000000
0.220000 0.000000 0.000000 0.000000
0.225000 0.000000 0.000000 0.000000
0.230000 0.000000 0.000000 -0.000000
0.235000 0.000000 0.000000 -0.000000
0.240000 0.000000 0.000000 -0.000000
0.245000 0.000000 0.000000 -0.000000
0.250000 0.000000 0.000000 -0.000000
0.255000 0.000000 0.000000 -0.000000
0.260000 0.000000 0.000000 -0.000000
0.265000 -0.000000 0.000000 0.000000
0.270000 -0.000000 0.000000 0.000000
0.275000 -0.000000 0.000000 0.000000
0.280000 -0.000000 0.000000 0.000000
0.285000 -0.000000 0.000000 0.000000
0.290000 -0.000000 0.000000 0.000000
0.295000 -0.000000 0.000000 -0.000000
0.300000 0.000000 0.000000 -0.000000
0.305000 0.000000 0.000000 -0.000000
0.310000 0.000000 0.000000 -0.000000
0.315000 0.000000 0.000000 -0.000000
0.320000 0.000000 0.000000 -0.000000
0.325000 0.000000 0.000000 -0.000000
0.330000 -0.000000 0.000000 0.000000
0.335000 -0.000000 0.000000 0.000000
0.340000 -0.000000 0.000000 0.000000
0.345000 -0.000000 0.000000 0.000000
0.350000 -0.000000 0.000000 0.000000
0.355000 -0.000000 0.000000 0.000000
0.360000 0.000000 0.000000 -0.000000
0.365000 0.000000 0.000000 -0.000000
0.370000 0.000000 0.000000 -0.000000
0.375000 0.000000 0.000000 -0.000000
0.380000 0.000000 0.000000 -0.000000
0.385000 0.000000 0.000000 -0.000000
0.390000 -0.000000 0.000000 0.000000
0.395000 -0.000000 0.000000 0.000000
0.400000 -0.000000 0.000000 0.000000
0.405000 -0.000000 0.000000 0.000000
0.410000 -0.000000 0.000000 0.000000
0.415000 -0.000000 0.000000 0.000000
0.420000 0.000000 0.000000 -0.000000
0.425000 0.000000 0.000000 -0.000000
0.430000 0.000000 0.000000 -0.000000
0.435000 0.000000 0.000000 -0.000000
0.440000 0.000000 0.000000 -0.000000
0.445000 0.000000 0.000000 -0.000000
0.450000 -0.000000 0.000000 0.000000
0.455000 -0.000000 0.000000 0.000000
0.460000 -0.000000 -0.000000 0.000000
0.465000 -0.000000 -0.000000 0.000000
0.470000 -0.000000 -0.000000 0.000000
0.475000 -0.000000 0.000000 0.000000
0.480000 0.000000 0.000000 -0.000000
0.485000 0.000000 0.000000 -0.000000
0.490000 0.000000 0.000000 -0.000000
0.495000 0.000000 0.000000 -0.000000
0.500000 0.000000 0.000000 -0.000000
0.505000 0.000000 0.000000 -0.000000
0.510000 -0.000000 -0.000000 -0.000000
0.515000 -0.000000 -0.000000 -0.000000
0.520000 -0.000000 -0.000000 -0.000000
0.525000 -0.000000 -0.000000 -0.000000
0.530000 -0.000000 -0.000000 -0.000000
0.535000 -0.000000 -0.000000 -0.000000
0.540000 0.000000 0.000000 0.000000
0.545000 0.000000 0.000000 0.000000
0.550000 0.000000 0.000000 0.000000
0.555000 0.000000 -0.000000 0.000000
0.560000 0.000000 0.000000 0.000000
0.565000 0.000000 0.000000 0.000000
0.570000 0.000000 -0.000000 0.000000
0.575000 0.000000 0.000000 -0.000000
0.580000 -0.000000 0.000000 -0.000000
0.585000 -0.000000 0.000000 -0.000000
0.590000 -0.000000 0.000000 -0.000000
0.595000 -0.000000 0.000000 -0.000000
0.600000 -0.000000 0.000000 -0.000000
0.605000 -0.000000 -0.000000 -0.000000
0.610000 -0.000000 -0.000000 0.000000
0.615000 0.000000 -0.000000 0.000000
0.620000 0.000000 -0.000000 0.000000
0.625000 0.000000 -0.000000 0.000000
0.630000 0.000000 -0.000000 0.000000
0.635000 0.000001 -0.000000 0.000000
0.640000 0.000000 0.000000 0.000000
0.645000 -0.000000 0.000000 -0.000000
0.650000 -0.000001 0.000000 -0.000001
0.655000 -0.000003 0.000000 -0.000002
0.660000 -0.000005 0.000000 -0.000002
0.665000 -0.000006 0.000000 -0.000003
0.670000 -0.000006 -0.000000 -0.000003
0.675000 -0.000002 -0.000000 -0.000001
0.680000 0.000007 -0.000000 0.000003
0.685000 0.000022 -0.000000 0.000010
0.690000 0.000043 -0.000000 0.000020
0.695000 0.000066 -0.000000 0.000030
0.700000 0.000083 0.000000 0.000039
0.705000 0.000080 0.000000 0.000038
0.710000 0.000039 0.000000 0.000021
0.715000 -0.000061 0.000000 -0.000022
0.720000 -0.000237 0.000000 -0.000100
0.725000 -0.000496 -0.000000 -0.000217
0.730000 -0.000821 -0.000000 -0.000367
0.735000 -0.001162 -0.000000 -0.000529
0.740000 -0.001421 -0.000000 -0.000661
0.745000 -0.001449 -0.000000 -0.000698
0.750000 -0.001041 -0.000000 -0.000548
0.755000 0.000050 -0.000000 -0.000096
0.760000 0.002095 0.000000 0.000783
0.765000 0.005352 0.000000 0.002215
0.770000 0.010028 0.000000 0.004308
0.775000 0.016230 0.000000 0.007126
0.780000 0.023931 0.000001 0.010678
0.785000 0.032936 0.000001 0.014894
0.790000 0.042882 0.000001 0.019624
0.795000 0.053252 0.000001 0.024641
0.800000 0.063422 0.000001 0.029656
0.805000 0.072726 0.000001 0.034343
0.810000 0.080532 -0.000000 0.038376
0.815000 0.086319 -0.000001 0.041462
0.820000 0.089739 -0.000003 0.043377
0.825000 0.090648 -0.000005 0.043985
0.830000 0.089108 -0.000007 0.043253
0.835000 0.085356 -0.000009 0.041245
0.840000 0.079747 -0.000012 0.038103
0.845000 0.072678 -0.000014 0.034025
0.850000 0.064527 -0.000017 0.029228
0.855000 0.055595 -0.000019 0.023926
0.860000 0.046093 -0.000020 0.018304
0.865000 0.036144 -0.000022 0.012517
0.870000 0.025821 -0.000023 0.006684
0.875000 0.015201 -0.000024 0.000909
0.880000 0.004411 -0.000025 -0.004711
0.885000 -0.006338 -0.000026 -0.010068
0.890000 -0.016740 -0.000027 -0.015034
0.895000 -0.026415 -0.000028 -0.019464
0.900000 -0.034956 -0.000029 -0.023207
0.905000 -0.041984 -0.000030 -0.026120
0.910000 -0.047202 -0.000030 -0.028090
0.915000 -0.050433 -0.000030 -0.029051
0.920000 -0.051637 -0.000029 -0.028990
0.925000 -0.050896 -0.000028 -0.027949
0.930000 -0.048384 -0.000026 -0.026021
0.935000 -0.044333 -0.000025 -0.023333
0.940000 -0.038996 -0.000023 -0.020034
0.945000 -0.032635 -0.000022 -0.016286
0.950000 -0.025521 -0.000022 -0.012259
0.955000 -0.017949 -0.000022 -0.008129
0.960000 -0.010256 -0.000022 -0.004080
0.965000 -0.002832 -0.000023 -0.000308
0.970000 0.003900 -0.000023 0.002991
0.975000 0.009516 -0.000023 0.005630
0.980000 0.013661 -0.000022 0.007453
0.985000 0.016109 -0.000021 0.008365
0.990000 0.016829 -0.000021 0.008350
0.995000 0.016004 -0.000021 0.007485
1.000000 0.014025 -0.000021 0.005945
1.005000 0.011423 -0.000022 0.003978
1.010000 0.008781 -0.000024 0.001875
1.015000 0.006617 -0.000026 -0.000078
1.020000 0.005293 -0.000027 -0.001642
1.025000 0.004950 -0.000028 -0.002661
1.030000 0.005494 -0.000028 -0.003084
1.035000 0.006640 -0.000027 -0.002958
1.040000 0.007997 -0.000026 -0.002414
1.045000 0.009177 -0.000024 -0.001620
1.050000 0.009887 -0.000023 -0.000749
1.055000 0.010003 -0.000022 0.000065
1.060000 0.009589 -0.000022 0.000747
1.065000 0.008862 -0.000023 0.001288
1.070000 0.008127 -0.000025 0.001733
1.075000 0.007688 -0.000027 0.002156
1.080000 0.007762 -0.000029 0.002627
1.085000 0.008435 -0.000031 0.003190
1.090000 0.009646 -0.000031 0.003847
1.095000 0.011223 -0.000031 0.004559
1.100000 0.012944 -0.000031 0.005259
1.105000 0.014615 -0.000030 0.005877
1.110000 0.016132 -0.000030 0.006365
1.115000 0.017513 -0.000031 0.006716
1.120000 0.018894 -0.000032 0.006968
1.125000 0.020487 -0.000035 0.007200
1.130000 0.022518 -0.000037 0.007510
1.135000 0.025153 -0.000039 0.007988
1.140000 0.028448 -0.000041 0.008694
1.145000 0.032325 -0.000041 0.009638
1.150000 0.036584 -0.000040 0.010776
1.155000 0.040946 -0.000037 0.012022
1.160000 0.045111 -0.000034 0.013264
1.165000 0.048825 -0.000030 0.014390
1.170000 0.051914 -0.000028 0.015311
1.175000 0.054306 -0.000026 0.015970
1.180000 0.056013 -0.000026 0.016352
1.185000 0.057091 -0.000028 0.016468
1.190000 0.057594 -0.000031 0.016346
1.195000 0.057531 -0.000035 0.016014
1.200000 0.056841 -0.000039 0.015482
1.205000 0.055400 -0.000042 0.014743
1.210000 0.053045 -0.000044 0.013773
1.215000 0.049626 -0.000046 0.012544
1.220000 0.045048 -0.000046 0.011039
1.225000 0.039312 -0.000046 0.009268
1.230000 0.032531 -0.000047 0.007279
1.235000 0.024923 -0.000048 0.005157
1.240000 0.016774 -0.000050 0.003019
1.245000 0.008399 -0.000053 0.000999
1.250000 0.000091 -0.000056 -0.000770
1.255000 -0.007910 -0.000059 -0.002171
1.260000 -0.015440 -0.000062 -0.003122
1.265000 -0.022405 -0.000063 -0.003581
1.270000 -0.028765 -0.000064 -0.003546
1.275000 -0.034506 -0.000063 -0.003053
1.280000 -0.039616 -0.000061 -0.002160
1.285000 -0.044064 -0.000059 -0.000948
1.290000 -0.047800 -0.000057 0.000499
1.295000 -0.050761 -0.000056 0.002084
1.300000 -0.052897 -0.000056 0.003709
1.305000 -0.054191 -0.000056 0.005262
1.310000 -0.054677 -0.000057 0.006617
1.315000 -0.054452 -0.000058 0.007632
1.320000 -0.053666 -0.000060 0.008150
1.325000 -0.052508 -0.000061 0.008009
1.330000 -0.051180 -0.000061 0.007054
1.335000 -0.049863 -0.000062 0.005157
1.340000 -0.048699 -0.000063 0.002229
1.345000 -0.047771 -0.000064 -0.001763
1.350000 -0.047104 -0.000066 -0.006786
1.355000 -0.046665 -0.000069 -0.012740
1.360000 -0.046386 -0.000071 -0.019466
1.365000 -0.046179 -0.000074 -0.026747
1.370000 -0.045955 -0.000075 -0.034328
1.375000 -0.045638 -0.000074 -0.041929
1.380000 -0.045169 -0.000070 -0.049255
1.385000 -0.044507 -0.000062 -0.056009
1.390000 -0.043625 -0.000048 -0.061909
1.395000 -0.042502 -0.000031 -0.066692
1.400000 -0.041121 -0.000008 -0.070127
1.405000 -0.039460 0.000017 -0.072027
1.410000 -0.037503 0.000046 -0.072255
1.415000 -0.035237 0.000076 -0.070737
1.420000 -0.032660 0.000106 -0.067466
1.425000 -0.029793 0.000135 -0.062505
1.430000 -0.026679 0.000163 -0.055990
1.435000 -0.023389 0.000189 -0.048128
1.440000 -0.020018 0.000212 -0.039188
1.445000 -0.016682 0.000232 -0.029491
1.450000 -0.013504 0.000248 -0.019393
1.455000 -0.010604 0.000259 -0.009272
1.460000 -0.008085 0.000266 0.000498
1.465000 -0.006020 0.000267 0.009564
1.470000 -0.004442 0.000263 0.017617
1.475000 -0.003347 0.000254 0.024406
1.480000 -0.002690 0.000241 0.029750
1.485000 -0.002401 0.000223 0.033547
1.490000 -0.002393 0.000204 0.035769
1.495000 -0.002579 0.000184 0.036458
1.500000 -0.002884 0.000164 0.035718
1.505000 -0.003246 0.000147 0.033704
1.510000 -0.003625 0.000133 0.030609
1.515000 -0.003990 0.000123 0.026653
1.520000 -0.004316 0.000116 0.022074
1.525000 -0.004577 0.000112 0.017117
1.530000 -0.004739 0.000110 0.012025
1.535000 -0.004763 0.000106 0.007029
1.540000 -0.004608 0.000099 0.002339
1.545000 -0.004242 0.000087 -0.001868
1.550000 -0.003646 0.000067 -0.005455
1.555000 -0.002828 0.000037 -0.008329
1.560000 -0.001819 -0.000002 -0.010447
1.565000 -0.000674 -0.000052 -0.011813
1.570000 0.000541 -0.000112 -0.012473
1.575000 0.001752 -0.000178 -0.012506
1.580000 0.002893 -0.000249 -0.012017
1.585000 0.003910 -0.000319 -0.011123
1.590000 0.004768 -0.000385 -0.009948
1.595000 0.005450 -0.000441 -0.008606
1.600000 0.005957 -0.000481 -0.007204
1.605000 0.006298 -0.000500 -0.005832
1.610000 0.006492 -0.000492 -0.004560
1.615000 0.006558 -0.000456 -0.003441
1.620000 0.006517 -0.000388 -0.002507
1.625000 0.006389 -0.000290 -0.001776
1.630000 0.006192 -0.000163 -0.001249
1.635000 0.005945 -0.000014 -0.000914
1.640000 0.005667 0.000150 -0.000747
1.645000 0.005377 0.000320 -0.000717
1.650000 0.005094 0.000486 -0.000786
1.655000 0.004839 0.000634 -0.000912
1.660000 0.004631 0.000755 -0.001049
1.665000 0.004486 0.000839 -0.001156
1.670000 0.004416 0.000877 -0.001191
1.675000 0.004426 0.000865 -0.001124
1.680000 0.004512 0.000801 -0.000933
1.685000 0.004658 0.000689 -0.000610
1.690000 0.004836 0.000534 -0.000160
1.695000 0.005010 0.000345 0.000394
1.700000 0.005142 0.000134 0.001021
1.705000 0.005192 -0.000084 0.001679
1.710000 0.005132 -0.000296 0.002322
1.715000 0.004947 -0.000487 0.002905
1.720000 0.004641 -0.000644 0.003392
1.725000 0.004234 -0.000759 0.003755
1.730000 0.003761 -0.000824 0.003980
1.735000 0.003266 -0.000837 0.004068
1.740000 0.002790 -0.000798 0.004028
1.745000 0.002371 -0.000713 0.003882
1.750000 0.002035 -0.000589 0.003657
1.755000 0.001796 -0.000437 0.003384
1.760000 0.001656 -0.000270 0.003092
1.765000 0.001608 -0.000101 0.002811
1.770000 0.001638 0.000059 0.002566
1.775000 0.001731 0.000200 0.002377
1.780000 0.001871 0.000312 0.002260
1.785000 0.002041 0.000392 0.002222
1.790000 0.002222 0.000437 0.002266
1.795000 0.002397 0.000450 0.002385
1.800000 0.002545 0.000434 0.002567
1.805000 0.002647 0.000394 0.002791
1.810000 0.002682 0.000337 0.003034
1.815000 0.002638 0.000271 0.003268
1.820000 0.002505 0.000201 0.003468
1.825000 0.002283 0.000133 0.003612
1.830000 0.001984 0.000069 0.003684
1.835000 0.001624 0.000012 0.003676
1.840000 0.001230 -0.000038 0.003589
1.845000 0.000831 -0.000083 0.003434
1.850000 0.000458 -0.000122 0.003228
1.855000 0.000143 -0.000157 0.002996
1.860000 -0.000091 -0.000188 0.002763
1.865000 -0.000225 -0.000214 0.002554
1.870000 -0.000252 -0.000233 0.002388
1.875000 -0.000177 -0.000242 0.002280
1.880000 -0.000013 -0.000238 0.002235
1.885000 0.000213 -0.000218 0.002250
1.890000 0.000470 -0.000179 0.002312
1.895000 0.000725 -0.000122 0.002405
1.900000 0.000946 -0.000048 0.002506
1.905000 0.001107 0.000040 0.002596
1.910000 0.001195 0.000133 0.002657
1.915000 0.001204 0.000225 0.002677
1.920000 0.001138 0.000305 0.002650
1.925000 0.001011 0.000364 0.002579
1.930000 0.000836 0.000394 0.002470
1.935000 0.000631 0.000389 0.002334
1.940000 0.000410 0.000348 0.002186
1.945000 0.000185 0.000271 0.002037
1.950000 -0.000032 0.000165 0.001900
1.955000 -0.000232 0.000039 0.001782
1.960000 -0.000407 -0.000095 0.001690
1.965000 -0.000545 -0.000223 0.001627
1.970000 -0.000637 -0.000331 0.001595
1.975000 -0.000678 -0.000407 0.001592
1.980000 -0.000661 -0.000444 0.001616
1.985000 -0.000590 -0.000437 0.001662
1.990000 -0.000472 -0.000387 0.001722
1.995000 -0.000319 -0.000300 0.001788
2.000000 -0.000149 -0.000187 0.001851
2.005000 0.000021 -0.000063 0.001902
2.010000 0.000172 0.000058 0.001931
2.015000 0.000290 0.000160 0.001932
2.020000 0.000364 0.000230 0.001901
2.025000 0.000388 0.000261 0.001837
2.030000 0.000362 0.000249 0.001742
2.035000 0.000289 0.000197 0.001620
2.040000 0.000177 0.000113 0.001480
2.045000 0.000036 0.000009 0.001330
2.050000 -0.000121 -0.000097 0.001179
2.055000 -0.000278 -0.000190 0.001038
2.060000 -0.000423 -0.000255 0.000917
2.065000 -0.000542 -0.000279 0.000824
2.070000 -0.000626 -0.000257 0.000765
2.075000 -0.000670 -0.000189 0.000744
2.080000 -0.000674 -0.000081 0.000759
2.085000 -0.000644 0.000055 0.000806
2.090000 -0.000584 0.000201 0.000878
2.095000 -0.000505 0.000341 0.000965
2.100000 -0.000413 0.000455 0.001057
2.105000 -0.000315 0.000528 0.001142
2.110000 -0.000214 0.000550 0.001212
2.115000 -0.000114 0.000515 0.001259
2.120000 -0.000017 0.000426 0.001278
2.125000 0.000072 0.000292 0.001267
2.130000 0.000148 0.000128 0.001225
2.135000 0.000204 -0.000049 0.001156
2.140000 0.000232 -0.000219 0.001062
2.145000 0.000224 -0.000364 0.000950
2.150000 0.000175 -0.000471 0.000828
2.155000 0.000084 -0.000529 0.000704
2.160000 -0.000045 -0.000535 0.000589
2.165000 -0.000205 -0.000492 0.000493
2.170000 -0.000385 -0.000409 0.000425
2.175000 -0.000570 -0.000298 0.000390
2.180000 -0.000744 -0.000175 0.000393
2.185000 -0.000894 -0.000053 0.000432
2.190000 -0.001005 0.000054 0.000500
2.195000 -0.001065 0.000136 0.000588
2.200000 -0.001066 0.000189 0.000684
2.205000 -0.001002 0.000211 0.000775
2.210000 -0.000876 0.000207 0.000847
2.215000 -0.000693 0.000185 0.000890
2.220000 -0.000464 0.000152 0.000897
2.225000 -0.000206 0.000117 0.000865
2.230000 0.000059 0.000089 0.000795
2.235000 0.000310 0.000071 0.000696
2.240000 0.000522 0.000064 0.000575
2.245000 0.000676 0.000068 0.000448
2.250000 0.000755 0.000077 0.000326
2.255000 0.000749 0.000085 0.000224
2.260000 0.000654 0.000085 0.000153
2.265000 0.000474 0.000073 0.000117
2.270000 0.000221 0.000045 0.000119
2.275000 -0.000088 0.000003 0.000156
2.280000 -0.000426 -0.000051 0.000220
2.285000 -0.000765 -0.000110 0.000300
2.290000 -0.001070 -0.000166 0.000386
2.295000 -0.001312 -0.000208 0.000465
2.300000 -0.001462 -0.000230 0.000530
2.305000 -0.001500 -0.000226 0.000574
2.310000 -0.001418 -0.000193 0.000594
2.315000 -0.001221 -0.000134 0.000592
2.320000 -0.000925 -0.000054 0.000570
2.325000 -0.000559 0.000037 0.000530
2.330000 -0.000159 0.000128 0.000479
2.335000 0.000233 0.000205 0.000420
2.340000 0.000580 0.000260 0.000358
2.345000 0.000849 0.000283 0.000297
2.350000 0.001014 0.000271 0.000240
2.355000 0.001063 0.000225 0.000191
2.360000 0.000994 0.000150 0.000152
2.365000 0.000815 0.000055 0.000123
2.370000 0.000548 -0.000047 0.000104
2.375000 0.000216 -0.000143 0.000096
2.380000 -0.000147 -0.000222 0.000097
2.385000 -0.000511 -0.000273 0.000106
2.390000 -0.000843 -0.000291 0.000123
2.395000 -0.001114 -0.000275 0.000146
2.400000 -0.001303 -0.000228 0.000174
2.405000 -0.001395 -0.000156 0.000207
2.410000 -0.001385 -0.000071 0.000244
2.415000 -0.001275 0.000017 0.000281
2.420000 -0.001078 0.000096 0.000316
2.425000 -0.000809 0.000158 0.000346
2.430000 -0.000491 0.000197 0.000368
2.435000 -0.000149 0.000210 0.000378
2.440000 0.000193 0.000197 0.000373
2.445000 0.000509 0.000162 0.000353
2.450000 0.000777 0.000113 0.000317
2.455000 0.000976 0.000055 0.000268
2.460000 0.001092 -0.000002 0.000208
2.465000 0.001114 -0.000054 0.000142
2.470000 0.001037 -0.000097 0.000074
2.475000 0.000866 -0.000127 0.000010
2.480000 0.000612 -0.000145 -0.000043
2.485000 0.000295 -0.000152 -0.000081
2.490000 -0.000061 -0.000152 -0.000098
2.495000 -0.000425 -0.000147 -0.000092
2.500000 -0.000768 -0.000139 -0.000061
2.505000 -0.001059 -0.000130 -0.000009
2.510000 -0.001276 -0.000118 0.000060
2.515000 -0.001398 -0.000102 0.000137
2.520000 -0.001417 -0.000080 0.000215
2.525000 -0.001331 -0.000051 0.000283
2.530000 -0.001148 -0.000011 0.000332
2.535000 -0.000883 0.000038 0.000357
2.540000 -0.000561 0.000096 0.000355
2.545000 -0.000211 0.000159 0.000325
2.550000 0.000134 0.000222 0.000272
2.555000 0.000440 0.000280 0.000201
2.560000 0.000674 0.000326 0.000122
2.565000 0.000810 0.000357 0.000043
2.570000 0.000829 0.000369 -0.000028
2.575000 0.000722 0.000362 -0.000083
2.580000 0.000492 0.000337 -0.000117
2.585000 0.000153 0.000300 -0.000128
2.590000 -0.000269 0.000257 -0.000116
2.595000 -0.000743 0.000216 -0.000084
2.600000 -0.001231 0.000184 -0.000037
2.605000 -0.001693 0.000168 0.000020
2.610000 -0.002092 0.000170 0.000078
2.615000 -0.002395 0.000192 0.000131
2.620000 -0.002576 0.000232 0.000175
2.625000 -0.002615 0.000284 0.000206
2.630000 -0.002507 0.000340 0.000223
2.635000 -0.002254 0.000390 0.000226
2.640000 -0.001871 0.000426 0.000219
2.645000 -0.001381 0.000438 0.000203
2.650000 -0.000813 0.000419 0.000183
2.655000 -0.000204 0.000364 0.000159
2.660000 0.000411 0.000271 0.000134
2.665000 0.000996 0.000143 0.000108
2.670000 0.001524 -0.000018 0.000081
2.675000 0.001970 -0.000204 0.000053
2.680000 0.002323 -0.000410 0.000024
2.685000 0.002576 -0.000625 -0.000004
2.690000 0.002732 -0.000844 -0.000033
2.695000 0.002803 -0.001058 -0.000058
2.700000 0.002804 -0.001260 -0.000080
2.705000 0.002756 -0.001446 -0.000096
2.710000 0.002681 -0.001611 -0.000105
2.715000 0.002600 -0.001752 -0.000106
2.720000 0.002533 -0.001863 -0.000100
2.725000 0.002497 -0.001942 -0.000085
2.730000 0.002502 -0.001985 -0.000064
2.735000 0.002551 -0.001986 -0.000040
2.740000 0.002636 -0.001943 -0.000013
2.745000 0.002744 -0.001852 0.000010
2.750000 0.002852 -0.001710 0.000029
2.755000 0.002929 -0.001518 0.000040
2.760000 0.002942 -0.001277 0.000041
2.765000 0.002856 -0.000991 0.000032
2.770000 0.002638 -0.000664 0.000015
2.775000 0.002259 -0.000305 -0.000008
2.780000 0.001700 0.000081 -0.000033
2.785000 0.000949 0.000485 -0.000055
2.790000 0.000011 0.000900 -0.000071
2.795000 -0.001099 0.001320 -0.000078
2.800000 -0.002350 0.001739 -0.000072
2.805000 -0.003702 0.002153 -0.000053
2.810000 -0.005098 0.002555 -0.000021
2.815000 -0.006479 0.002941 0.000024
2.820000 -0.007777 0.003302 0.000078
2.825000 -0.008928 0.003632 0.000139
2.830000 -0.009870 0.003919 0.000205
2.835000 -0.010550 0.004151 0.000271
2.840000 -0.010929 0.004317 0.000334
2.845000 -0.010980 0.004403 0.000389
2.850000 -0.010691 0.004397 0.000433
2.855000 -0.010067 0.004286 0.000463
2.860000 -0.009123 0.004062 0.000476
2.865000 -0.007892 0.003719 0.000470
2.870000 -0.006412 0.003254 0.000447
2.875000 -0.004732 0.002670 0.000407
2.880000 -0.002905 0.001975 0.000353
2.885000 -0.000989 0.001181 0.000288
2.890000 0.000961 0.000306 0.000215
2.895000 0.002890 -0.000630 0.000136
2.900000 0.004747 -0.001600 0.000055
2.905000 0.006488 -0.002576 -0.000026
2.910000 0.008075 -0.003530 -0.000105
2.915000 0.009477 -0.004432 -0.000181
2.920000 0.010670 -0.005253 -0.000250
2.925000 0.011636 -0.005968 -0.000312
2.930000 0.012362 -0.006552 -0.000365
2.935000 0.012838 -0.006984 -0.000407
2.940000 0.013060 -0.007247 -0.000440
2.945000 0.013024 -0.007327 -0.000462
2.950000 0.012728 -0.007214 -0.000475
2.955000 0.012173 -0.006903 -0.000480
2.960000 0.011359 -0.006394 -0.000479
2.965000 0.010291 -0.005695 -0.000472
2.970000 0.008973 -0.004818 -0.000461
2.975000 0.007413 -0.003784 -0.000446
2.980000 0.005625 -0.002620 -0.000427
2.985000 0.003626 -0.001359 -0.000404
2.990000 0.001444 -0.000037 -0.000375
2.995000 -0.000885 0.001305 -0.000339
3.000000 -0.003313 0.002627 -0.000294
3.005000 -0.005780 0.003888 -0.000240
3.010000 -0.008217 0.005052 -0.000175
3.015000 -0.010544 0.006085 -0.000099
3.020000 -0.012677 0.006956 -0.000014
3.025000 -0.014531 0.007640 0.000077
3.030000 -0.016021 0.008116 0.000172
3.035000 -0.017071 0.008367 0.000267
3.040000 -0.017619 0.008384 0.000357
3.045000 -0.017614 0.008161 0.000440
3.050000 -0.017031 0.007700 0.000510
3.055000 -0.015863 0.007009 0.000566
3.060000 -0.014129 0.006104 0.000605
3.065000 -0.011874 0.005008 0.000625
3.070000 -0.009166 0.003752 0.000624
3.075000 -0.006094 0.002369 0.000603
3.080000 -0.002769 0.000902 0.000562
3.085000 0.000686 -0.000607 0.000503
3.090000 0.004140 -0.002112 0.000427
3.095000 0.007459 -0.003565 0.000338
3.100000 0.010512 -0.004921 0.000240
3.105000 0.013179 -0.006135 0.000138
3.110000 0.015356 -0.007162 0.000036
3.115000 0.016959 -0.007966 -0.000062
3.120000 0.017928 -0.008514 -0.000153
3.125000 0.018229 -0.008781 -0.000235
3.130000 0.017856 -0.008753 -0.000305
3.135000 0.016832 -0.008425 -0.000362
3.140000 0.015206 -0.007804 -0.000404
3.145000 0.013049 -0.006911 -0.000429
3.150000 0.010456 -0.005774 -0.000437
3.155000 0.007535 -0.004434 -0.000425
3.160000 0.004403 -0.002935 -0.000395
3.165000 0.001185 -0.001331 -0.000347
3.170000 -0.001998 0.000322 -0.000283
3.175000 -0.005027 0.001967 -0.000209
3.180000 -0.007796 0.003546 -0.000128
3.185000 -0.010212 0.005001 -0.000046
3.190000 -0.012199 0.006278 0.000031
3.195000 -0.013698 0.007328 0.000100
3.200000 -0.014672 0.008108 0.000157
3.205000 -0.015104 0.008583 0.000203
3.210000 -0.014996 0.008732 0.000236
3.215000 -0.014369 0.008545 0.000258
3.220000 -0.013259 0.008027 0.000271
3.225000 -0.011717 0.007198 0.000274
3.230000 -0.009807 0.006092 0.000270
3.235000 -0.007599 0.004754 0.000258
3.240000 -0.005173 0.003241 0.000239
3.245000 -0.002610 0.001614 0.000213
3.250000 0.000004 -0.000062 0.000181
3.255000 0.002583 -0.001718 0.000144
3.260000 0.005043 -0.003290 0.000103
3.265000 0.007305 -0.004717 0.000061
3.270000 0.009293 -0.005944 0.000018
3.275000 0.010941 -0.006923 -0.000023
3.280000 0.012192 -0.007616 -0.000063
3.285000 0.013003 -0.007996 -0.000100
3.290000 0.013342 -0.008049 -0.000133
3.295000 0.013193 -0.007774 -0.000164
3.300000 0.012555 -0.007183 -0.000189
3.305000 0.011445 -0.006305 -0.000210
3.310000 0.009895 -0.005177 -0.000225
3.315000 0.007956 -0.003850 -0.000233
3.320000 0.005693 -0.002382 -0.000232
3.325000 0.003188 -0.000836 -0.000223
3.330000 0.000534 0.000723 -0.000204
3.335000 -0.002166 0.002230 -0.000176
3.340000 -0.004801 0.003624 -0.000140
3.345000 -0.007261 0.004848 -0.000096
3.350000 -0.009438 0.005853 -0.000048
3.355000 -0.011233 0.006601 0.000003
3.360000 -0.012563 0.007061 0.000054
3.365000 -0.013359 0.007216 0.000102
3.370000 -0.013578 0.007062 0.000145
3.375000 -0.013201 0.006609 0.000182
3.380000 -0.012236 0.005878 0.000208
3.385000 -0.010717 0.004904 0.000224
3.390000 -0.008708 0.003732 0.000228
3.395000 -0.006296 0.002416 0.000219
3.400000 -0.003591 0.001014 0.000197
3.405000 -0.000718 -0.000411 0.000163
3.410000 0.002185 -0.001797 0.000118
3.415000 0.004977 -0.003086 0.000065
3.420000 0.007523 -0.004224 0.000007
3.425000 0.009695 -0.005164 -0.000053
3.430000 0.011387 -0.005868 -0.000111
3.435000 0.012514 -0.006309 -0.000164
3.440000 0.013021 -0.006469 -0.000208
3.445000 0.012886 -0.006343 -0.000241
3.450000 0.012118 -0.005937 -0.000263
3.455000 0.010759 -0.005271 -0.000272
3.460000 0.008883 -0.004373 -0.000270
3.465000 0.006589 -0.003286 -0.000256
3.470000 0.003997 -0.002059 -0.000233
3.475000 0.001242 -0.000749 -0.000200
3.480000 -0.001534 0.000585 -0.000160
3.485000 -0.004190 0.001879 -0.000113
3.490000 -0.006592 0.003075 -0.000060
3.495000 -0.008622 0.004117 -0.000004
3.500000 -0.010182 0.004959 0.000052
3.505000 -0.011201 0.005562 0.000107
3.510000 -0.011637 0.005900 0.000157
3.515000 -0.011481 0.005959 0.000198
3.520000 -0.010750 0.005739 0.000228
3.525000 -0.009496 0.005251 0.000245
3.530000 -0.007793 0.004521 0.000247
3.535000 -0.005739 0.003582 0.000235
3.540000 -0.003446 0.002482 0.000210
3.545000 -0.001039 0.001272 0.000174
3.550000 0.001357 0.000011 0.000128
3.555000 0.003620 -0.001241 0.000077
3.560000 0.005637 -0.002424 0.000023
3.565000 0.007312 -0.003482 -0.000031
3.570000 0.008570 -0.004364 -0.000080
3.575000 0.009359 -0.005027 -0.000123
3.580000 0.009656 -0.005441 -0.000157
3.585000 0.009461 -0.005585 -0.000181
3.590000 0.008799 -0.005454 -0.000194
3.595000 0.007722 -0.005056 -0.000197
3.600000 0.006296 -0.004410 -0.000190
3.605000 0.004605 -0.003551 -0.000174
3.610000 0.002744 -0.002522 -0.000152
3.615000 0.000810 -0.001376 -0.000124
3.620000 -0.001099 -0.000171 -0.000093
3.625000 -0.002891 0.001031 -0.000060
3.630000 -0.004482 0.002169 -0.000026
3.635000 -0.005804 0.003187 0.000008
3.640000 -0.006803 0.004033 0.000040
3.645000 -0.007444 0.004665 0.000069
3.650000 -0.007710 0.005052 0.000095
3.655000 -0.007603 0.005178 0.000116
3.660000 -0.007140 0.005038 0.000131
3.665000 -0.006355 0.004642 0.000140
3.670000 -0.005297 0.004012 0.000144
3.675000 -0.004021 0.003184 0.000141
3.680000 -0.002593 0.002200 0.000133
3.685000 -0.001083 0.001115 0.000120
3.690000 0.000439 -0.000015 0.000102
3.695000 0.001903 -0.001130 0.000080
3.700000 0.003245 -0.002174 0.000056
3.705000 0.004407 -0.003091 0.000028
3.710000 0.005341 -0.003835 -0.000000
3.715000 0.006010 -0.004370 -0.000029
3.720000 0.006389 -0.004668 -0.000057
3.725000 0.006466 -0.004718 -0.000083
3.730000 0.006241 -0.004519 -0.000104
3.735000 0.005728 -0.004084 -0.000120
3.740000 0.004953 -0.003440 -0.000130
3.745000 0.003952 -0.002622 -0.000135
3.750000 0.002772 -0.001677 -0.000132
3.755000 0.001467 -0.000655 -0.000124
3.760000 0.000097 0.000389 -0.000110
3.765000 -0.001275 0.001397 -0.000093
3.770000 -0.002584 0.002317 -0.000071
3.775000 -0.003768 0.003101 -0.000048
3.780000 -0.004771 0.003709 -0.000024
3.785000 -0.005543 0.004109 -0.000000
3.790000 -0.006044 0.004283 0.000022
3.795000 -0.006247 0.004225 0.000043
3.800000 -0.006140 0.003941 0.000060
3.805000 -0.005723 0.003450 0.000074
3.810000 -0.005014 0.002781 0.000083
3.815000 -0.004044 0.001973 0.000089
3.820000 -0.002859 0.001072 0.000090
3.825000 -0.001518 0.000126 0.000087
3.830000 -0.000087 -0.000811 0.000080
3.835000 0.001358 -0.001692 0.000069
3.840000 0.002742 -0.002468 0.000055
3.845000 0.003990 -0.003101 0.000037
3.850000 0.005034 -0.003557 0.000018
3.855000 0.005816 -0.003816 -0.000003
3.860000 0.006288 -0.003865 -0.000025
3.865000 0.006423 -0.003704 -0.000045
3.870000 0.006208 -0.003344 -0.000064
3.875000 0.005651 -0.002809 -0.000080
3.880000 0.004779 -0.002128 -0.000092
3.885000 0.003634 -0.001341 -0.000099
3.890000 0.002280 -0.000492 -0.000101
3.895000 0.000788 0.000371 -0.000097
3.900000 -0.000759 0.001201 -0.000088
3.905000 -0.002273 0.001953 -0.000072
3.910000 -0.003667 0.002587 -0.000052
3.915000 -0.004860 0.003071 -0.000028
3.920000 -0.005782 0.003378 -0.000002
3.925000 -0.006376 0.003496 0.000025
3.930000 -0.006605 0.003421 0.000050
3.935000 -0.006453 0.003159 0.000073
3.940000 -0.005926 0.002727 0.000090
3.945000 -0.005052 0.002151 0.000102
3.950000 -0.003880 0.001465 0.000107
3.955000 -0.002478 0.000708 0.000105
3.960000 -0.000929 -0.000078 0.000096
3.965000 0.000677 -0.000849 0.000081
3.970000 0.002242 -0.001564 0.000061
3.975000 0.003674 -0.002182 0.000037
3.980000 0.004885 -0.002672 0.000011
3.985000 0.005803 -0.003009 -0.000016
3.990000 0.006371 -0.003174 -0.000041
3.995000 0.006557 -0.003161 -0.000063
4.000000 0.006350 -0.002973 -0.000082
4.005000 0.005762 -0.002620 -0.000095
4.010000 0.004831 -0.002124 -0.000103
4.015000 0.003615 -0.001513 -0.000106
4.020000 0.002188 -0.000822 -0.000104
4.025000 0.000639 -0.000090 -0.000097
4.030000 -0.000939 0.000642 -0.000086
4.035000 -0.002449 0.001332 -0.000073
4.040000 -0.003800 0.001943 -0.000056
4.045000 -0.004910 0.002439 -0.000039
4.050000 -0.005713 0.002794 -0.000020
4.055000 -0.006163 0.002988 -0.000001
4.060000 -0.006235 0.003013 0.000017
4.065000 -0.005928 0.002867 0.000034
4.070000 -0.005264 0.002560 0.000049
4.075000 -0.004287 0.002110 0.000061
4.080000 -0.003061 0.001544 0.000068
4.085000 -0.001663 0.000893 0.000072
4.090000 -0.000181 0.000195 0.000071
4.095000 0.001293 -0.000511 0.000065
4.100000 0.002668 -0.001186 0.000056
4.105000 0.003862 -0.001792 0.000044
4.110000 0.004803 -0.002295 0.000029
4.115000 0.005436 -0.002667 0.000013
4.120000 0.005728 -0.002888 -0.000002
4.125000 0.005665 -0.002945 -0.000017
4.130000 0.005256 -0.002836 -0.000031
4.135000 0.004533 -0.002568 -0.000041
4.140000 0.003544 -0.002156 -0.000048
4.145000 0.002355 -0.001625 -0.000051
4.150000 0.001044 -0.001004 -0.000051
4.155000 -0.000308 -0.000329 -0.000046
4.160000 -0.001616 0.000361 -0.000039
4.165000 -0.002801 0.001028 -0.000031
4.170000 -0.003793 0.001634 -0.000021
4.175000 -0.004535 0.002144 -0.000012
4.180000 -0.004986 0.002531 -0.000004
4.185000 -0.005126 0.002771 0.000001
4.190000 -0.004953 0.002854 0.000003
4.195000 -0.004483 0.002773 0.000003
4.200000 -0.003754 0.002536 -0.000000
4.205000 -0.002815 0.002156 -0.000006
4.210000 -0.001729 0.001657 -0.000013
4.215000 -0.000565 0.001069 -0.000023
4.220000 0.000603 0.000426 -0.000032
4.225000 0.001705 -0.000234 -0.000042
4.230000 0.002675 -0.000873 -0.000051
4.235000 0.003460 -0.001454 -0.000059
4.240000 0.004016 -0.001943 -0.000064
4.245000 0.004318 -0.002314 -0.000066
4.250000 0.004355 -0.002545 -0.000064
4.255000 0.004132 -0.002626 -0.000059
4.260000 0.003673 -0.002552 -0.000051
4.265000 0.003012 -0.002329 -0.000039
4.270000 0.002196 -0.001972 -0.000025
4.275000 0.001279 -0.001504 -0.000008
4.280000 0.000321 -0.000954 0.000010
4.285000 -0.000622 -0.000355 0.000029
4.290000 -0.001492 0.000256 0.000049
4.295000 -0.002241 0.000843 0.000070
4.300000 -0.002829 0.001370 0.000089
4.305000 -0.003227 0.001805 0.000107
4.310000 -0.003420 0.002124 0.000123
4.315000 -0.003404 0.002309 0.000136
4.320000 -0.003188 0.002349 0.000145
4.325000 -0.002794 0.002243 0.000150
4.330000 -0.002251 0.002000 0.000151
4.335000 -0.001599 0.001635 0.000147
4.340000 -0.000879 0.001172 0.000138
4.345000 -0.000137 0.000641 0.000125
4.350000 0.000583 0.000075 0.000106
4.355000 0.001238 -0.000489 0.000084
4.360000 0.001792 -0.001017 0.000057
4.365000 0.002217 -0.001475 0.000028
4.370000 0.002493 -0.001836 -0.000004
4.375000 0.002610 -0.002076 -0.000037
4.380000 0.002565 -0.002183 -0.000070
4.385000 0.002368 -0.002150 -0.000101
4.390000 0.002035 -0.001980 -0.000130
4.395000 0.001590 -0.001685 -0.000154
4.400000 0.001062 -0.001283 -0.000175
4.405000 0.000485 -0.000801 -0.000190
4.410000 -0.000107 -0.000268 -0.000201
4.415000 -0.000679 0.000281 -0.000207
4.420000 -0.001199 0.000812 -0.000208
4.425000 -0.001639 0.001292 -0.000205
4.430000 -0.001974 0.001690 -0.000197
4.435000 -0.002190 0.001982 -0.000185
4.440000 -0.002276 0.002149 -0.000169
4.445000 -0.002229 0.002180 -0.000149
4.450000 -0.002056 0.002075 -0.000125
4.455000 -0.001768 0.001839 -0.000099
4.460000 -0.001382 0.001488 -0.000069
4.465000 -0.000921 0.001043 -0.000036
4.470000 -0.000409 0.000532 -0.000002
4.475000 0.000123 -0.000012 0.000033
4.480000 0.000649 -0.000556 0.000069
4.485000 0.001139 -0.001066 0.000104
4.490000 0.001567 -0.001511 0.000137
4.495000 0.001912 -0.001863 0.000167
4.500000 0.002153 -0.002100 0.000193
4.505000 0.002280 -0.002207 0.000214
4.510000 0.002283 -0.002180 0.000229
4.515000 0.002164 -0.002018 0.000237
4.520000 0.001926 -0.001734 0.000238
4.525000 0.001583 -0.001345 0.000232
4.530000 0.001150 -0.000876 0.000221
4.535000 0.000651 -0.000356 0.000203
4.540000 0.000111 0.000182 0.000179
4.545000 -0.000442 0.000704 0.000151
4.550000 -0.000979 0.001179 0.000119
4.555000 -0.001470 0.001579 0.000084
4.560000 -0.001887 0.001878 0.000046
4.565000 -0.002207 0.002059 0.000007
4.570000 -0.002411 0.002112 -0.000033
4.575000 -0.002485 0.002035 -0.000072
4.580000 -0.002423 0.001833 -0.000110
4.585000 -0.002227 0.001520 -0.000145
4.590000 -0.001905 0.001116 -0.000177
4.595000 -0.001473 0.000647 -0.000204
4.600000 -0.000954 0.000143 -0.000226
4.605000 -0.000375 -0.000365 -0.000242
4.610000 0.000231 -0.000843 -0.000253
4.615000 0.000829 -0.001263 -0.000256
4.620000 0.001387 -0.001597 -0.000252
4.625000 0.001869 -0.001827 -0.000240
4.630000 0.002247 -0.001939 -0.000222
4.635000 0.002497 -0.001926 -0.000197
4.640000 0.002602 -0.001790 -0.000166
4.645000 0.002555 -0.001540 -0.000130
4.650000 0.002355 -0.001195 -0.000090
4.655000 0.002013 -0.000775 -0.000047
4.660000 0.001548 -0.000308 -0.000003
4.665000 0.000987 0.000176 0.000042
4.670000 0.000362 0.000646 0.000084
4.675000 -0.000289 0.001072 0.000124
4.680000 -0.000927 0.001427 0.000160
4.685000 -0.001511 0.001689 0.000191
4.690000 -0.002006 0.001841 0.000215
4.695000 -0.002379 0.001875 0.000233
4.700000 -0.002605 0.001789 0.000242
4.705000 -0.002669 0.001589 0.000244
4.710000 -0.002565 0.001288 0.000237
4.715000 -0.002296 0.000905 0.000223
4.720000 -0.001879 0.000464 0.000201
4.725000 -0.001337 -0.000006 0.000173
4.730000 -0.000706 -0.000476 0.000139
4.735000 -0.000023 -0.000917 0.000101
4.740000 0.000668 -0.001301 0.000061
4.745000 0.001321 -0.001604 0.000019
4.750000 0.001895 -0.001807 -0.000024
4.755000 0.002351 -0.001898 -0.000065
4.760000 0.002659 -0.001872 -0.000103
4.765000 0.002795 -0.001729 -0.000137
4.770000 0.002751 -0.001480 -0.000167
4.775000 0.002525 -0.001141 -0.000190
4.780000 0.002131 -0.000733 -0.000205
4.785000 0.001592 -0.000281 -0.000214
4.790000 0.000943 0.000187 -0.000214
4.795000 0.000225 0.000641 -0.000206
4.800000 -0.000516 0.001055 -0.000190
4.805000 -0.001230 0.001404 -0.000168
4.810000 -0.001870 0.001666 -0.000139
4.815000 -0.002393 0.001826 -0.000106
4.820000 -0.002762 0.001876 -0.000071
4.825000 -0.002952 0.001813 -0.000033
4.830000 -0.002949 0.001642 0.000003
4.835000 -0.002752 0.001374 0.000038
4.840000 -0.002371 0.001026 0.000070
4.845000 -0.001831 0.000621 0.000097
4.850000 -0.001166 0.000183 0.000119
4.855000 -0.000420 -0.000261 0.000135
4.860000 0.000358 -0.000683 0.000144
4.865000 0.001116 -0.001059 0.000148
4.870000 0.001804 -0.001367 0.000146
4.875000 0.002374 -0.001588 0.000138
4.880000 0.002789 -0.001712 0.000125
4.885000 0.003020 -0.001731 0.000109
4.890000 0.003052 -0.001646 0.000089
4.895000 0.002881 -0.001463 0.000067
4.900000 0.002520 -0.001196 0.000044
4.905000 0.001992 -0.000860 0.000020
4.910000 0.001332 -0.000479 -0.000004
4.915000 0.000586 -0.000075 -0.000027
4.920000 -0.000199 0.000325 -0.000048
4.925000 -0.000968 0.000697 -0.000066
4.930000 -0.001669 0.001019 -0.000080
4.935000 -0.002257 0.001272 -0.000091
4.940000 -0.002692 0.001442 -0.000098
4.945000 -0.002945 0.001518 -0.000101
4.950000 -0.002999 0.001499 -0.000099
4.955000 -0.002852 0.001388 -0.000094
4.960000 -0.002514 0.001192 -0.000085
4.965000 -0.002009 0.000926 -0.000074
4.970000 -0.001373 0.000607 -0.000060
4.975000 -0.000650 0.000256 -0.000045
4.980000 0.000113 -0.000104 -0.000029
4.985000 0.000861 -0.000449 -0.000013
4.990000 0.001546 -0.000758 0.000002
4.995000 0.002121 -0.001013 0.000016
5.000000 0.002547 -0.001196 0.000028
5.005000 0.002797 -0.001298 0.000038
5.010000 0.002855 -0.001314 0.000046
5.015000 0.002718 -0.001243 0.000052
5.020000 0.002398 -0.001092 0.000055
5.025000 0.001916 -0.000871 0.000056
5.030000 0.001308 -0.000597 0.000055
5.035000 0.000616 -0.000287 0.000053
5.040000 -0.000112 0.000037 0.000049
5.045000 -0.000826 0.000354 0.000043
5.050000 -0.001476 0.000643 0.000037
5.055000 -0.002019 0.000885 0.000029
5.060000 -0.002419 0.001064 0.000021
5.065000 -0.002649 0.001169 0.000012
5.070000 -0.002694 0.001192 0.000003
5.075000 -0.002554 0.001134 -0.000007
5.080000 -0.002238 0.000999 -0.000016
5.085000 -0.001771 0.000796 -0.000025
5.090000 -0.001185 0.000539 -0.000033
5.095000 -0.000521 0.000248 -0.000040
5.100000 0.000174 -0.000060 -0.000046
5.105000 0.000853 -0.000362 -0.000050
5.110000 0.001468 -0.000638 -0.000053
5.115000 0.001977 -0.000870 -0.000053
5.120000 0.002347 -0.001042 -0.000051
5.125000 0.002553 -0.001143 -0.000047
5.130000 0.002581 -0.001165 -0.000040
5.135000 0.002431 -0.001108 -0.000032
5.140000 0.002114 -0.000975 -0.000021
5.145000 0.001653 -0.000775 -0.000010
5.150000 0.001080 -0.000521 0.000001
5.155000 0.000436 -0.000231 0.000013
5.160000 -0.000234 0.000076 0.000023
5.165000 -0.000886 0.000380 0.000033
5.170000 -0.001473 0.000659 0.000040
5.175000 -0.001957 0.000895 0.000045
5.180000 -0.002303 0.001073 0.000048
5.185000 -0.002489 0.001180 0.000048
5.190000 -0.002503 0.001209 0.000046
5.195000 -0.002345 0.001158 0.000041
5.200000 -0.002026 0.001030 0.000034
5.205000 -0.001569 0.000833 0.000025
5.210000 -0.001007 0.000580 0.000015
5.215000 -0.000379 0.000286 0.000004
5.220000 0.000273 -0.000028 -0.000007
5.225000 0.000904 -0.000344 -0.000017
5.230000 0.001469 -0.000639 -0.000026
5.235000 0.001931 -0.000894 -0.000034
5.240000 0.002260 -0.001094 -0.000040
5.245000 0.002432 -0.001224 -0.000045
5.250000 0.002437 -0.001275 -0.000047
5.255000 0.002277 -0.001246 -0.000047
5.260000 0.001962 -0.001136 -0.000044
5.265000 0.001515 -0.000953 -0.000040
5.270000 0.000969 -0.000708 -0.000033
5.275000 0.000361 -0.000417 -0.000025
5.280000 -0.000267 -0.000097 -0.000015
5.285000 -0.000871 0.000230 -0.000005
5.290000 -0.001410 0.000546 0.000005
5.295000 -0.001847 0.000829 0.000015
5.300000 -0.002155 0.001061 0.000024
5.305000 -0.002312 0.001228 0.000031
5.310000 -0.002311 0.001318 0.000036
5.315000 -0.002153 0.001325 0.000039
5.320000 -0.001851 0.001248 0.000040
5.325000 -0.001428 0.001093 0.000038
5.330000 -0.000914 0.000868 0.000035
5.335000 -0.000345 0.000587 0.000029
5.340000 0.000238 0.000268 0.000021
5.345000 0.000796 -0.000070 0.000013
5.350000 0.001290 -0.000404 0.000003
5.355000 0.001690 -0.000714 -0.000006
5.360000 0.001968 -0.000980 -0.000015
5.365000 0.002110 -0.001184 -0.000024
5.370000 0.002107 -0.001314 -0.000030
5.375000 0.001963 -0.001361 -0.000035
5.380000 0.001692 -0.001321 -0.000038
5.385000 0.001313 -0.001197 -0.000038
5.390000 0.000855 -0.000996 -0.000037
5.395000 0.000351 -0.000732 -0.000034
5.400000 -0.000164 -0.000421 -0.000029
5.405000 -0.000656 -0.000083 -0.000022
5.410000 -0.001093 0.000259 -0.000015
5.415000 -0.001446 0.000584 -0.000007
5.420000 -0.001695 0.000871 0.000002
5.425000 -0.001825 0.001100 0.000010
5.430000 -0.001831 0.001258 0.000017
5.435000 -0.001716 0.001334 0.000023
5.440000 -0.001492 0.001324 0.000027
5.445000 -0.001175 0.001228 0.000029
5.450000 -0.000790 0.001053 0.000030
5.455000 -0.000363 0.000811 0.000028
5.460000 0.000075 0.000517 0.000025
5.465000 0.000497 0.000192 0.000021
5.470000 0.000874 -0.000143 0.000015
5.475000 0.001185 -0.000466 0.000009
5.480000 0.001409 -0.000756 0.000002
5.485000 0.001536 -0.000994 -0.000005
5.490000 0.001559 -0.001164 -0.000012
5.495000 0.001481 -0.001256 -0.000018
5.500000 0.001309 -0.001265 -0.000023
5.505000 0.001057 -0.001191 -0.000026
5.510000 0.000744 -0.001040 -0.000028
5.515000 0.000392 -0.000822 -0.000028
5.520000 0.000024 -0.000552 -0.000026
5.525000 -0.000335 -0.000249 -0.000022
5.530000 -0.000662 0.000066 -0.000018
5.535000 -0.000936 0.000373 -0.000013
5.540000 -0.001143 0.000651 -0.000007
5.545000 -0.001269 0.000882 -0.000001
5.550000 -0.001310 0.001052 0.000004
5.555000 -0.001264 0.001149 0.000009
5.560000 -0.001138 0.001168 0.000013
5.565000 -0.000941 0.001110 0.000016
5.570000 -0.000687 0.000978 0.000017
5.575000 -0.000396 0.000784 0.000017
5.580000 -0.000086 0.000541 0.000016
5.585000 0.000222 0.000265 0.000014
5.590000 0.000507 -0.000024 0.000011
5.595000 0.000752 -0.000307 0.000008
5.600000 0.000941 -0.000565 0.000004
5.605000 0.001064 -0.000782 0.000001
5.610000 0.001113 -0.000943 -0.000003
5.615000 0.001088 -0.001039 -0.000005
5.620000 0.000993 -0.001064 -0.000008
5.625000 0.000834 -0.001017 -0.000010
5.630000 0.000625 -0.000903 -0.000011
5.635000 0.000380 -0.000729 -0.000012
5.640000 0.000117 -0.000508 -0.000013
5.645000 -0.000146 -0.000256 -0.000013
5.650000 -0.000392 0.000010 -0.000012
5.655000 -0.000605 0.000272 -0.000011
5.660000 -0.000772 0.000513 -0.000010
5.665000 -0.000882 0.000716 -0.000008
5.670000 -0.000930 0.000868 -0.000005
5.675000 -0.000915 0.000959 -0.000003
5.680000 -0.000840 0.000984 -0.000001
5.685000 -0.000711 0.000941 0.000002
5.690000 -0.000538 0.000834 0.000004
5.695000 -0.000335 0.000671 0.000006
5.700000 -0.000116 0.000462 0.000008
5.705000 0.000104 0.000223 0.000009
5.710000 0.000311 -0.000030 0.000009
5.715000 0.000491 -0.000279 0.000009
5.720000 0.000633 -0.000507 0.000008
5.725000 0.000729 -0.000699 0.000007
5.730000 0.000775 -0.000840 0.000005
5.735000 0.000769 -0.000923 0.000003
5.740000 0.000713 -0.000940 -0.000000
5.745000 0.000613 -0.000891 -0.000003
5.750000 0.000477 -0.000780 -0.000005
5.755000 0.000315 -0.000614 -0.000007
5.760000 0.000138 -0.000405 -0.000008
5.765000 -0.000042 -0.000168 -0.000009
5.770000 -0.000214 0.000081 -0.000010
5.775000 -0.000367 0.000324 -0.000009
5.780000 -0.000492 0.000543 -0.000009
5.785000 -0.000583 0.000724 -0.000008
5.790000 -0.000635 0.000853 -0.000006
5.795000 -0.000646 0.000921 -0.000004
5.800000 -0.000618 0.000923 -0.000002
5.805000 -0.000553 0.000859 0.000000
5.810000 -0.000456 0.000733 0.000002
5.815000 -0.000333 0.000555 0.000004
5.820000 -0.000194 0.000337 0.000005
5.825000 -0.000046 0.000094 0.000005
5.830000 0.000103 -0.000156 0.000005
5.835000 0.000243 -0.000396 0.000004
5.840000 0.000367 -0.000608 0.000003
5.845000 0.000467 -0.000778 0.000002
5.850000 0.000540 -0.000893 0.000001
5.855000 0.000580 -0.000946 0.000000
5.860000 0.000586 -0.000931 -0.000000
5.865000 0.000557 -0.000851 -0.000001
5.870000 0.000495 -0.000711 -0.000002
5.875000 0.000402 -0.000521 -0.000003
5.880000 0.000284 -0.000294 -0.000003
5.885000 0.000147 -0.000048 -0.000003
5.890000 -0.000001 0.000202 -0.000003
5.895000 -0.000153 0.000437 -0.000003
5.900000 -0.000299 0.000640 -0.000003
5.905000 -0.000431 0.000797 -0.000002
5.910000 -0.000539 0.000898 -0.000002
5.915000 -0.000618 0.000935 -0.000002
5.920000 -0.000662 0.000906 -0.000002
5.925000 -0.000667 0.000812 -0.000002
5.930000 -0.000631 0.000659 -0.000002
5.935000 -0.000557 0.000459 -0.000001
5.940000 -0.000447 0.000225 -0.000001
5.945000 -0.000309 -0.000028 -0.000000
5.950000 -0.000149 -0.000281 0.000000
5.955000 0.000021 -0.000518 0.000001
5.960000 0.000191 -0.000723 0.000001
5.965000 0.000349 -0.000880 0.000001
5.970000 0.000485 -0.000981 0.000001
5.975000 0.000588 -0.001018 0.000001
5.980000 0.000652 -0.000988 0.000001
5.985000 0.000669 -0.000894 0.000001
5.990000 0.000639 -0.000743 0.000001
5.995000 0.000561 -0.000544 0.000000
