0.000000 0.000000 0.000000 0.000000
0.005000 0.000000 0.000000 0.000000
0.010000 0.000000 0.000000 0.000000
0.015000 0.000000 0.000000 0.000000
0.020000 0.000000 0.000000 0.000000
0.025000 0.000000 0.000000 0.000000
0.030000 0.000000 0.000000 0.000000
0.035000 0.000000 0.000000 0.000000
0.040000 -0.000000 0.000000 -0.000000
0.045000 -0.000000 0.000000 -0.000000
0.050000 -0.000000 0.000000 -0.000000
0.055000 -0.000000 0.000000 -0.000000
0.060000 -0.000000 0.000000 -0.000000
0.065000 -0.000000 0.000000 -0.000000
0.070000 -0.000000 0.000000 -0.000000
0.075000 -0.000000 0.000000 -0.000000
0.080000 -0.000000 0.000000 -0.000000
0.085000 -0.000000 0.000000 -0.000000
0.090000 -0.000000 0.000000 -0.000000
0.095000 -0.000000 0.000000 -0.000000
0.100000 -0.000000 0.000000 -0.000000
0.105000 -0.000000 0.000000 -0.000000
0.110000 -0.000000 0.000000 -0.000000
0.115000 -0.000000 0.000000 -0.000000
0.120000 -0.000000 0.000000 -0.000000
0.125000 -0.000000 0.000000 -0.000000
0.130000 -0.000000 0.000000 -0.000000
0.135000 -0.000000 0.000000 -0.000000
0.140000 -0.000000 0.000000 -0.000000
0.145000 0.000000 0.000000 0.000000
0.150000 0.000000 0.000000 0.000000
0.155000 0.000000 0.000000 0.000000
0.160000 0.000000 0.000000 0.000000
0.165000 -0.000000 0.000000 0.000000
0.170000 -0.000000 0.000000 0.000000
0.175000 -0.000000 0.000000 -0.000000
0.180000 -0.000000 0.000000 -0.000000
0.185000 -0.000000 0.000000 -0.000000
0.190000 0.000000 0.000000 -0.000000
0.195000 0.000000 0.000000 -0.000000
0.200000 0.000000 0.000000 0.000000
0.205000 0.000000 0.000000 0.000000
0.210000 -0.000000 0.000000 0.000000
0.215000 -0.000000 0.000000 0.000000
0.220000 -0.000000 0.000000 0.000000
0.225000 -0.000000 0.000000 -0.000000
0.230000 0.000000 0.000000 -0.000000
0.235000 0.000000 0.000000 -0.000000
0.240000 0.000000 0.000000 -0.000000
0.245000 0.000000 0.000000 -0.000000
0.250000 0.000000 0.000000 0.000000
0.255000 -0.000000 0.000000 0.000000
0.260000 -0.000000 0.000000 0.000000
0.265000 -0.000000 0.000000 0.000000
0.270000 -0.000000 0.000000 0.000000
0.275000 -0.000000 0.000000 -0.000000
0.280000 0.000000 0.000000 -0.000000
0.285000 0.000000 0.000000 -0.000000
0.290000 0.000000 0.000000 -0.000000
0.295000 0.000000 0.000000 0.000000
0.300000 0.000000 0.000000 0.000000
0.305000 -0.000000 0.000000 0.000000
0.310000 -0.000000 0.000000 0.000000
0.315000 -0.000000 0.000000 -0.000000
0.320000 -0.000000 0.000000 -0.000000
0.325000 -0.000000 0.000000 -0.000000
0.330000 0.000000 0.000000 -0.000000
0.335000 0.000000 0.000000 0.000000
0.340000 0.000000 0.000000 0.000000
0.345000 0.000000 0.000000 0.000000
0.350000 -0.000000 0.000000 0.000000
0.355000 -0.000000 -0.000000 0.000000
0.360000 -0.000000 -0.000000 -0.000000
0.365000 0.000000 0.000000 -0.000000
0.370000 0.000000 0.000000 -0.000000
0.375000 0.000000 0.000000 -0.000000
0.380000 0.000000 0.000000 0.000000
0.385000 0.000000 0.000000 0.000000
0.390000 -0.000000 -0.000000 -0.000000
0.395000 -0.000000 -0.000000 -0.000000
0.400000 -0.000000 -0.000000 -0.000000
0.405000 -0.000000 -0.000000 -0.000000
0.410000 -0.000000 -0.000000 -0.000000
0.415000 0.000000 0.000000 0.000000
0.420000 0.000000 0.000000 0.000000
0.425000 0.000000 0.000000 0.000000
0.430000 0.000000 0.000000 0.000000
0.435000 0.000000 0.000000 0.000000
0.440000 0.000000 0.000000 0.000000
0.445000 -0.000000 -0.000000 -0.000000
0.450000 -0.000001 -0.000000 -0.000001
0.455000 -0.000003 -0.000000 -0.000002
0.460000 -0.000005 -0.000000 -0.000003
0.465000 -0.000005 -0.000000 -0.000003
0.470000 -0.000003 -0.000000 -0.000001
0.475000 0.000003 0.000000 0.000003
0.480000 0.000016 0.000000 0.000011
0.485000 0.000036 0.000000 0.000022
0.490000 0.000059 0.000000 0.000036
0.495000 0.000078 0.000000 0.000046
0.500000 0.000076 0.000000 0.000042
0.505000 0.000033 0.000000 0.000013
0.510000 -0.000078 -0.000000 -0.000058
0.515000 -0.000279 0.000000 -0.000183
0.520000 -0.000576 -0.000000 -0.000364
0.525000 -0.000943 -0.000000 -0.000584
0.530000 -0.001305 -0.000000 -0.000795
0.535000 -0.001519 -0.000000 -0.000910
0.540000 -0.001365 -0.000000 -0.000797
0.545000 -0.000553 -0.000000 -0.000281
0.550000 0.001264 -0.000000 0.000845
0.555000 0.004444 -0.000000 0.002794
0.560000 0.009305 -0.000000 0.005758
0.565000 0.016057 -0.000000 0.009868
0.570000 0.024740 -0.000000 0.015158
0.575000 0.035178 -0.000000 0.021542
0.580000 0.046958 0.000000 0.028797
0.585000 0.059455 0.000000 0.036578
0.590000 0.071891 0.000000 0.044445
0.595000 0.083426 0.000000 0.051914
0.600000 0.093274 0.000000 0.058515
0.605000 0.100799 0.000000 0.063845
0.610000 0.105602 0.000000 0.067616
0.615000 0.107547 0.000000 0.069677
0.620000 0.106746 -0.000000 0.070010
0.625000 0.103495 -0.000000 0.068710
0.630000 0.098186 -0.000000 0.065943
0.635000 0.091212 -0.000000 0.061904
0.640000 0.082894 -0.000000 0.056786
0.645000 0.073453 -0.000000 0.050760
0.650000 0.063020 -0.000000 0.043974
0.655000 0.051688 0.000000 0.036571
0.660000 0.039580 0.000000 0.028710
0.665000 0.026904 0.000000 0.020583
0.670000 0.013988 0.000000 0.012427
0.675000 0.001267 0.000000 0.004511
0.680000 -0.010767 0.000000 -0.002882
0.685000 -0.021633 0.000000 -0.009487
0.690000 -0.030936 -0.000000 -0.015089
0.695000 -0.038411 -0.000000 -0.019536
0.700000 -0.043935 -0.000000 -0.022746
0.705000 -0.047496 -0.000001 -0.024693
0.710000 -0.049144 -0.000001 -0.025389
0.715000 -0.048936 -0.000001 -0.024860
0.720000 -0.046896 -0.000001 -0.023138
0.725000 -0.043027 -0.000001 -0.020263
0.730000 -0.037344 0.000000 -0.016295
0.735000 -0.029943 0.000002 -0.011350
0.740000 -0.021073 0.000004 -0.005615
0.745000 -0.011170 0.000008 0.000630
0.750000 -0.000861 0.000012 0.007023
0.755000 0.009102 0.000018 0.013150
0.760000 0.017944 0.000026 0.018590
0.765000 0.024993 0.000034 0.022978
0.770000 0.029802 0.000043 0.026060
0.775000 0.032228 0.000053 0.027730
0.780000 0.032447 0.000062 0.028052
0.785000 0.030916 0.000071 0.027238
0.790000 0.028268 0.000079 0.025615
0.795000 0.025188 0.000085 0.023560
0.800000 0.022282 0.000088 0.021442
0.805000 0.019977 0.000089 0.019565
0.810000 0.018471 0.000087 0.018127
0.815000 0.017741 0.000082 0.017214
0.820000 0.017591 0.000076 0.016805
0.825000 0.017749 0.000067 0.016814
0.830000 0.017958 0.000058 0.017124
0.835000 0.018057 0.000048 0.017635
0.840000 0.018029 0.000038 0.018291
0.845000 0.018000 0.000029 0.019088
0.850000 0.018200 0.000021 0.020068
0.855000 0.018892 0.000013 0.021296
0.860000 0.020300 0.000007 0.022826
0.865000 0.022547 0.000001 0.024680
0.870000 0.025630 -0.000005 0.026829
0.875000 0.029427 -0.000010 0.029206
0.880000 0.033749 -0.000015 0.031716
0.885000 0.038398 -0.000020 0.034267
0.890000 0.043232 -0.000025 0.036793
0.895000 0.048192 -0.000028 0.039269
0.900000 0.053304 -0.000030 0.041700
0.905000 0.058631 -0.000031 0.044107
0.910000 0.064210 -0.000029 0.046490
0.915000 0.069978 -0.000025 0.048793
0.920000 0.075730 -0.000019 0.050885
0.925000 0.081111 -0.000011 0.052543
0.930000 0.085651 -0.000002 0.053476
0.935000 0.088839 0.000007 0.053340
0.940000 0.090207 0.000015 0.051784
0.945000 0.089404 0.000022 0.048482
0.950000 0.086238 0.000027 0.043162
0.955000 0.080678 0.000031 0.035624
0.960000 0.072817 0.000031 0.025744
0.965000 0.062817 0.000030 0.013475
0.970000 0.050861 0.000028 -0.001153
0.975000 0.037118 0.000024 -0.018034
0.980000 0.021747 0.000020 -0.036977
0.985000 0.004922 0.000017 -0.057690
0.990000 -0.013116 0.000014 -0.079766
0.995000 -0.032025 0.000013 -0.102677
1.000000 -0.051333 0.000013 -0.125776
1.005000 -0.070455 0.000013 -0.148312
1.010000 -0.088730 0.000015 -0.169466
1.015000 -0.105487 0.000017 -0.188387
1.020000 -0.120108 0.000019 -0.204253
1.025000 -0.132092 0.000021 -0.216314
1.030000 -0.141088 0.000022 -0.223949
1.035000 -0.146905 0.000023 -0.226701
1.040000 -0.149506 0.000023 -0.224309
1.045000 -0.148975 0.000023 -0.216726
1.050000 -0.145497 0.000023 -0.204117
1.055000 -0.139327 0.000023 -0.186860
1.060000 -0.130776 0.000023 -0.165517
1.065000 -0.120203 0.000023 -0.140815
1.070000 -0.108010 0.000024 -0.113603
1.075000 -0.094636 0.000025 -0.084817
1.080000 -0.080551 0.000027 -0.055432
1.085000 -0.066243 0.000029 -0.026425
1.090000 -0.052197 0.000031 0.001276
1.095000 -0.038870 0.000033 0.026827
1.100000 -0.026676 0.000035 0.049507
1.105000 -0.015953 0.000038 0.068744
1.110000 -0.006954 0.000040 0.084140
1.115000 0.000172 0.000042 0.095482
1.120000 0.005386 0.000045 0.102740
1.125000 0.008752 0.000048 0.106061
1.130000 0.010431 0.000051 0.105746
1.135000 0.010659 0.000054 0.102223
1.140000 0.009722 0.000058 0.096012
1.145000 0.007930 0.000061 0.087687
1.150000 0.005584 0.000065 0.077843
1.155000 0.002962 0.000069 0.067058
1.160000 0.000304 0.000073 0.055876
1.165000 -0.002196 0.000076 0.044781
1.170000 -0.004380 0.000079 0.034187
1.175000 -0.006124 0.000081 0.024438
1.180000 -0.007330 0.000082 0.015801
1.185000 -0.007925 0.000083 0.008472
1.190000 -0.007865 0.000082 0.002576
1.195000 -0.007141 0.000080 -0.001830
1.200000 -0.005790 0.000077 -0.004756
1.205000 -0.003899 0.000073 -0.006276
1.210000 -0.001606 0.000068 -0.006529
1.215000 0.000910 0.000063 -0.005709
1.220000 0.003451 0.000056 -0.004056
1.225000 0.005815 0.000048 -0.001841
1.230000 0.007828 0.000039 0.000649
1.235000 0.009358 0.000029 0.003136
1.240000 0.010330 0.000016 0.005364
1.245000 0.010724 0.000001 0.007124
1.250000 0.010575 -0.000017 0.008265
1.255000 0.009958 -0.000040 0.008700
1.260000 0.008976 -0.000069 0.008418
1.265000 0.007745 -0.000104 0.007472
1.270000 0.006383 -0.000146 0.005978
1.275000 0.005000 -0.000196 0.004100
1.280000 0.003697 -0.000254 0.002036
1.285000 0.002556 -0.000322 -0.000006
1.290000 0.001640 -0.000399 -0.001819
1.295000 0.000990 -0.000483 -0.003225
1.300000 0.000623 -0.000576 -0.004085
1.305000 0.000532 -0.000674 -0.004317
1.310000 0.000690 -0.000777 -0.003901
1.315000 0.001046 -0.000881 -0.002884
1.320000 0.001541 -0.000983 -0.001368
1.325000 0.002103 -0.001079 0.000492
1.330000 0.002659 -0.001166 0.002510
1.335000 0.003140 -0.001238 0.004488
1.340000 0.003487 -0.001291 0.006233
1.345000 0.003653 -0.001321 0.007581
1.350000 0.003613 -0.001324 0.008410
1.355000 0.003367 -0.001295 0.008658
1.360000 0.002936 -0.001233 0.008324
1.365000 0.002371 -0.001135 0.007470
1.370000 0.001739 -0.001001 0.006212
1.375000 0.001120 -0.000832 0.004710
1.380000 0.000591 -0.000630 0.003141
1.385000 0.000215 -0.000399 0.001687
1.390000 0.000034 -0.000145 0.000505
1.395000 0.000056 0.000125 -0.000285
1.400000 0.000259 0.000403 -0.000617
1.405000 0.000595 0.000679 -0.000483
1.410000 0.000998 0.000943 0.000067
1.415000 0.001399 0.001186 0.000937
1.420000 0.001735 0.001396 0.001998
1.425000 0.001956 0.001565 0.003104
1.430000 0.002038 0.001684 0.004116
1.435000 0.001974 0.001747 0.004915
1.440000 0.001776 0.001751 0.005415
1.445000 0.001472 0.001695 0.005572
1.450000 0.001097 0.001580 0.005387
1.455000 0.000690 0.001411 0.004901
1.460000 0.000290 0.001196 0.004189
1.465000 -0.000068 0.000944 0.003346
1.470000 -0.000353 0.000669 0.002475
1.475000 -0.000546 0.000385 0.001679
1.480000 -0.000634 0.000105 0.001039
1.485000 -0.000617 -0.000154 0.000615
1.490000 -0.000503 -0.000381 0.000435
1.495000 -0.000310 -0.000562 0.000495
1.500000 -0.000063 -0.000690 0.000763
1.505000 0.000209 -0.000757 0.001182
1.510000 0.000478 -0.000762 0.001681
1.515000 0.000716 -0.000707 0.002186
1.520000 0.000903 -0.000597 0.002626
1.525000 0.001021 -0.000441 0.002945
1.530000 0.001060 -0.000251 0.003104
1.535000 0.001015 -0.000041 0.003088
1.540000 0.000889 0.000173 0.002905
1.545000 0.000694 0.000378 0.002583
1.550000 0.000445 0.000557 0.002165
1.555000 0.000169 0.000700 0.001705
1.560000 -0.000109 0.000796 0.001259
1.565000 -0.000359 0.000839 0.000881
1.570000 -0.000557 0.000827 0.000612
1.575000 -0.000686 0.000760 0.000481
1.580000 -0.000741 0.000645 0.000497
1.585000 -0.000725 0.000489 0.000649
1.590000 -0.000655 0.000304 0.000911
1.595000 -0.000550 0.000103 0.001244
1.600000 -0.000432 -0.000102 0.001599
1.605000 -0.000319 -0.000296 0.001930
1.610000 -0.000224 -0.000468 0.002193
1.615000 -0.000152 -0.000609 0.002358
1.620000 -0.000102 -0.000710 0.002407
1.625000 -0.000069 -0.000768 0.002337
1.630000 -0.000047 -0.000781 0.002160
1.635000 -0.000031 -0.000751 0.001899
1.640000 -0.000020 -0.000683 0.001585
1.645000 -0.000016 -0.000581 0.001252
1.650000 -0.000022 -0.000455 0.000932
1.655000 -0.000044 -0.000310 0.000653
1.660000 -0.000085 -0.000157 0.000437
1.665000 -0.000147 -0.000002 0.000296
1.670000 -0.000231 0.000147 0.000235
1.675000 -0.000333 0.000283 0.000247
1.680000 -0.000446 0.000402 0.000323
1.685000 -0.000559 0.000499 0.000446
1.690000 -0.000661 0.000571 0.000598
1.695000 -0.000737 0.000614 0.000759
1.700000 -0.000772 0.000628 0.000913
1.705000 -0.000758 0.000610 0.001046
1.710000 -0.000687 0.000561 0.001149
1.715000 -0.000560 0.000482 0.001215
1.720000 -0.000387 0.000375 0.001243
1.725000 -0.000184 0.000245 0.001232
1.730000 0.000029 0.000098 0.001187
1.735000 0.000227 -0.000058 0.001111
1.740000 0.000389 -0.000214 0.001010
1.745000 0.000497 -0.000361 0.000891
1.750000 0.000538 -0.000486 0.000763
1.755000 0.000508 -0.000581 0.000633
1.760000 0.000409 -0.000636 0.000512
1.765000 0.000249 -0.000646 0.000407
1.770000 0.000040 -0.000606 0.000325
1.775000 -0.000202 -0.000519 0.000270
1.780000 -0.000460 -0.000388 0.000244
1.785000 -0.000714 -0.000223 0.000247
1.790000 -0.000944 -0.000036 0.000273
1.795000 -0.001131 0.000157 0.000320
1.800000 -0.001255 0.000341 0.000379
1.805000 -0.001303 0.000499 0.000446
1.810000 -0.001264 0.000616 0.000514
1.815000 -0.001137 0.000682 0.000579
1.820000 -0.000931 0.000689 0.000635
1.825000 -0.000659 0.000638 0.000679
1.830000 -0.000345 0.000531 0.000709
1.835000 -0.000016 0.000378 0.000720
1.840000 0.000301 0.000194 0.000712
1.845000 0.000576 -0.000006 0.000684
1.850000 0.000786 -0.000203 0.000636
1.855000 0.000912 -0.000380 0.000571
1.860000 0.000941 -0.000522 0.000492
1.865000 0.000869 -0.000617 0.000404
1.870000 0.000700 -0.000660 0.000313
1.875000 0.000446 -0.000649 0.000226
1.880000 0.000126 -0.000590 0.000149
1.885000 -0.000233 -0.000490 0.000090
1.890000 -0.000602 -0.000361 0.000054
1.895000 -0.000950 -0.000217 0.000046
1.900000 -0.001247 -0.000072 0.000069
1.905000 -0.001468 0.000061 0.000120
1.910000 -0.001594 0.000175 0.000196
1.915000 -0.001615 0.000262 0.000288
1.920000 -0.001528 0.000321 0.000387
1.925000 -0.001338 0.000353 0.000479
1.930000 -0.001056 0.000363 0.000552
1.935000 -0.000700 0.000356 0.000597
1.940000 -0.000293 0.000340 0.000604
1.945000 0.000138 0.000319 0.000572
1.950000 0.000562 0.000298 0.000502
1.955000 0.000948 0.000279 0.000400
1.960000 0.001264 0.000259 0.000277
1.965000 0.001478 0.000238 0.000144
1.970000 0.001569 0.000210 0.000016
1.975000 0.001522 0.000171 -0.000095
1.980000 0.001333 0.000118 -0.000178
1.985000 0.001012 0.000050 -0.000223
1.990000 0.000581 -0.000033 -0.000228
1.995000 0.000074 -0.000126 -0.000190
2.000000 -0.000468 -0.000221 -0.000115
2.005000 -0.000999 -0.000311 -0.000010
2.010000 -0.001472 -0.000384 0.000115
2.015000 -0.001844 -0.000431 0.000247
2.020000 -0.002082 -0.000445 0.000373
2.025000 -0.002160 -0.000421 0.000480
2.030000 -0.002071 -0.000359 0.000558
2.035000 -0.001820 -0.000264 0.000601
2.040000 -0.001428 -0.000144 0.000605
2.045000 -0.000929 -0.000011 0.000572
2.050000 -0.000368 0.000121 0.000504
2.055000 0.000205 0.000238 0.000409
2.060000 0.000738 0.000326 0.000298
2.065000 0.001183 0.000375 0.000179
2.070000 0.001503 0.000380 0.000064
2.075000 0.001671 0.000340 -0.000038
2.080000 0.001676 0.000261 -0.000119
2.085000 0.001520 0.000151 -0.000173
2.090000 0.001221 0.000025 -0.000198
2.095000 0.000807 -0.000104 -0.000194
2.100000 0.000316 -0.000220 -0.000164
2.105000 -0.000208 -0.000311 -0.000113
2.110000 -0.000722 -0.000365 -0.000050
2.115000 -0.001182 -0.000379 0.000019
2.120000 -0.001548 -0.000350 0.000086
2.125000 -0.001790 -0.000284 0.000145
2.130000 -0.001888 -0.000190 0.000193
2.135000 -0.001835 -0.000077 0.000228
2.140000 -0.001638 0.000041 0.000250
2.145000 -0.001315 0.000151 0.000259
2.150000 -0.000895 0.000244 0.000259
2.155000 -0.000416 0.000311 0.000250
2.160000 0.000081 0.000348 0.000234
2.165000 0.000554 0.000354 0.000212
2.170000 0.000966 0.000333 0.000186
2.175000 0.001285 0.000288 0.000154
2.180000 0.001488 0.000226 0.000118
2.185000 0.001562 0.000155 0.000079
2.190000 0.001503 0.000080 0.000038
2.195000 0.001318 0.000007 -0.000003
2.200000 0.001023 -0.000060 -0.000041
2.205000 0.000642 -0.000120 -0.000073
2.210000 0.000206 -0.000172 -0.000096
2.215000 -0.000250 -0.000217 -0.000108
2.220000 -0.000690 -0.000254 -0.000105
2.225000 -0.001078 -0.000283 -0.000087
2.230000 -0.001384 -0.000305 -0.000055
2.235000 -0.001584 -0.000317 -0.000009
2.240000 -0.001660 -0.000317 0.000046
2.245000 -0.001608 -0.000302 0.000104
2.250000 -0.001431 -0.000271 0.000160
2.255000 -0.001141 -0.000222 0.000206
2.260000 -0.000761 -0.000156 0.000237
2.265000 -0.000319 -0.000075 0.000248
2.270000 0.000151 0.000014 0.000239
2.275000 0.000612 0.000106 0.000209
2.280000 0.001028 0.000193 0.000162
2.285000 0.001365 0.000264 0.000103
2.290000 0.001592 0.000313 0.000039
2.295000 0.001689 0.000333 -0.000023
2.300000 0.001645 0.000321 -0.000077
2.305000 0.001462 0.000277 -0.000118
2.310000 0.001152 0.000205 -0.000142
2.315000 0.000740 0.000112 -0.000148
2.320000 0.000257 0.000008 -0.000136
2.325000 -0.000257 -0.000095 -0.000109
2.330000 -0.000762 -0.000184 -0.000071
2.335000 -0.001220 -0.000249 -0.000026
2.340000 -0.001597 -0.000279 0.000020
2.345000 -0.001867 -0.000271 0.000063
2.350000 -0.002015 -0.000220 0.000099
2.355000 -0.002036 -0.000130 0.000124
2.360000 -0.001938 -0.000006 0.000139
2.365000 -0.001738 0.000144 0.000143
2.370000 -0.001463 0.000309 0.000136
2.375000 -0.001146 0.000479 0.000121
2.380000 -0.000820 0.000643 0.000101
2.385000 -0.000522 0.000791 0.000078
2.390000 -0.000279 0.000916 0.000054
2.395000 -0.000115 0.001011 0.000032
2.400000 -0.000043 0.001075 0.000012
2.405000 -0.000068 0.001104 -0.000004
2.410000 -0.000183 0.001099 -0.000015
2.415000 -0.000376 0.001061 -0.000020
2.420000 -0.000625 0.000992 -0.000019
2.425000 -0.000903 0.000892 -0.000013
2.430000 -0.001178 0.000764 -0.000003
2.435000 -0.001420 0.000609 0.000010
2.440000 -0.001596 0.000429 0.000025
2.445000 -0.001675 0.000227 0.000042
2.450000 -0.001634 0.000006 0.000057
2.455000 -0.001455 -0.000230 0.000072
2.460000 -0.001127 -0.000476 0.000085
2.465000 -0.000653 -0.000727 0.000095
2.470000 -0.000043 -0.000978 0.000102
2.475000 0.000680 -0.001223 0.000105
2.480000 0.001487 -0.001457 0.000103
2.485000 0.002341 -0.001676 0.000095
2.490000 0.003199 -0.001878 0.000080
2.495000 0.004020 -0.002062 0.000057
2.500000 0.004762 -0.002228 0.000028
2.505000 0.005389 -0.002375 -0.000007
2.510000 0.005871 -0.002505 -0.000045
2.515000 0.006184 -0.002616 -0.000083
2.520000 0.006314 -0.002707 -0.000119
2.525000 0.006258 -0.002773 -0.000150
2.530000 0.006020 -0.002808 -0.000173
2.535000 0.005612 -0.002804 -0.000187
2.540000 0.005055 -0.002751 -0.000191
2.545000 0.004371 -0.002637 -0.000184
2.550000 0.003586 -0.002453 -0.000168
2.555000 0.002725 -0.002187 -0.000144
2.560000 0.001811 -0.001834 -0.000114
2.565000 0.000861 -0.001389 -0.000081
2.570000 -0.000109 -0.000853 -0.000046
2.575000 -0.001090 -0.000228 -0.000013
2.580000 -0.002077 0.000474 0.000016
2.585000 -0.003064 0.001242 0.000042
2.590000 -0.004050 0.002056 0.000064
2.595000 -0.005032 0.002896 0.000081
2.600000 -0.006005 0.003737 0.000096
2.605000 -0.006960 0.004554 0.000110
2.610000 -0.007886 0.005320 0.000123
2.615000 -0.008763 0.006008 0.000138
2.620000 -0.009570 0.006592 0.000155
2.625000 -0.010276 0.007049 0.000175
2.630000 -0.010848 0.007359 0.000195
2.635000 -0.011248 0.007502 0.000216
2.640000 -0.011437 0.007465 0.000236
2.645000 -0.011377 0.007239 0.000255
2.650000 -0.011036 0.006817 0.000270
2.655000 -0.010387 0.006202 0.000280
2.660000 -0.009413 0.005397 0.000285
2.665000 -0.008111 0.004416 0.000284
2.670000 -0.006490 0.003276 0.000276
2.675000 -0.004571 0.002002 0.000260
2.680000 -0.002393 0.000624 0.000235
2.685000 -0.000007 -0.000824 0.000201
2.690000 0.002524 -0.002302 0.000158
2.695000 0.005125 -0.003770 0.000105
2.700000 0.007715 -0.005187 0.000044
2.705000 0.010205 -0.006514 -0.000026
2.710000 0.012509 -0.007712 -0.000103
2.715000 0.014542 -0.008747 -0.000183
2.720000 0.016225 -0.009592 -0.000265
2.725000 0.017491 -0.010219 -0.000344
2.730000 0.018285 -0.010611 -0.000417
2.735000 0.018571 -0.010750 -0.000480
2.740000 0.018328 -0.010629 -0.000529
2.745000 0.017556 -0.010242 -0.000562
2.750000 0.016273 -0.009591 -0.000578
2.755000 0.014516 -0.008685 -0.000577
2.760000 0.012336 -0.007539 -0.000559
2.765000 0.009799 -0.006176 -0.000527
2.770000 0.006982 -0.004623 -0.000482
2.775000 0.003971 -0.002917 -0.000426
2.780000 0.000851 -0.001099 -0.000362
2.785000 -0.002288 0.000785 -0.000290
2.790000 -0.005359 0.002687 -0.000213
2.795000 -0.008281 0.004554 -0.000132
2.800000 -0.010978 0.006334 -0.000049
2.805000 -0.013382 0.007973 0.000036
2.810000 -0.015432 0.009422 0.000118
2.815000 -0.017077 0.010631 0.000198
2.820000 -0.018274 0.011558 0.000273
2.825000 -0.018991 0.012166 0.000341
2.830000 -0.019207 0.012427 0.000401
2.835000 -0.018910 0.012325 0.000451
2.840000 -0.018103 0.011853 0.000491
2.845000 -0.016799 0.011017 0.000520
2.850000 -0.015024 0.009838 0.000537
2.855000 -0.012817 0.008346 0.000540
2.860000 -0.010226 0.006582 0.000529
2.865000 -0.007315 0.004599 0.000503
2.870000 -0.004157 0.002454 0.000464
2.875000 -0.000837 0.000214 0.000413
2.880000 0.002551 -0.002051 0.000352
2.885000 0.005905 -0.004269 0.000284
2.890000 0.009118 -0.006366 0.000211
2.895000 0.012081 -0.008269 0.000137
2.900000 0.014690 -0.009908 0.000062
2.905000 0.016846 -0.011222 -0.000012
2.910000 0.018467 -0.012157 -0.000084
2.915000 0.019483 -0.012674 -0.000153
2.920000 0.019845 -0.012750 -0.000219
2.925000 0.019527 -0.012378 -0.000280
2.930000 0.018527 -0.011569 -0.000335
2.935000 0.016867 -0.010352 -0.000380
2.940000 0.014596 -0.008773 -0.000414
2.945000 0.011785 -0.006888 -0.000432
2.950000 0.008530 -0.004769 -0.000434
2.955000 0.004947 -0.002493 -0.000417
2.960000 0.001169 -0.000141 -0.000382
2.965000 -0.002658 0.002200 -0.000330
2.970000 -0.006383 0.004446 -0.000266
2.975000 -0.009857 0.006514 -0.000192
2.980000 -0.012936 0.008327 -0.000113
2.985000 -0.015494 0.009818 -0.000033
2.990000 -0.017426 0.010930 0.000044
2.995000 -0.018652 0.011621 0.000115
3.000000 -0.019126 0.011864 0.000178
3.005000 -0.018831 0.011655 0.000231
3.010000 -0.017787 0.011003 0.000272
3.015000 -0.016045 0.009939 0.000300
3.020000 -0.013684 0.008509 0.000314
3.025000 -0.010811 0.006773 0.000314
3.030000 -0.007554 0.004803 0.000299
3.035000 -0.004054 0.002677 0.000270
3.040000 -0.000462 0.000477 0.000229
3.045000 0.003073 -0.001710 0.000179
3.050000 0.006402 -0.003800 0.000121
3.055000 0.009393 -0.005715 0.000060
3.060000 0.011927 -0.007379 -0.000001
3.065000 0.013911 -0.008728 -0.000058
3.070000 0.015275 -0.009711 -0.000110
3.075000 0.015978 -0.010292 -0.000153
3.080000 0.016010 -0.010449 -0.000188
3.085000 0.015388 -0.010182 -0.000214
3.090000 0.014158 -0.009507 -0.000230
3.095000 0.012390 -0.008459 -0.000237
3.100000 0.010172 -0.007087 -0.000236
3.105000 0.007610 -0.005452 -0.000225
3.110000 0.004818 -0.003626 -0.000204
3.115000 0.001916 -0.001685 -0.000175
3.120000 -0.000975 0.000292 -0.000138
3.125000 -0.003742 0.002226 -0.000094
3.130000 -0.006278 0.004040 -0.000046
3.135000 -0.008491 0.005662 0.000004
3.140000 -0.010303 0.007029 0.000051
3.145000 -0.011653 0.008087 0.000094
3.150000 -0.012502 0.008792 0.000131
3.155000 -0.012828 0.009117 0.000161
3.160000 -0.012634 0.009049 0.000182
3.165000 -0.011938 0.008594 0.000196
3.170000 -0.010780 0.007774 0.000203
3.175000 -0.009214 0.006629 0.000203
3.180000 -0.007309 0.005211 0.000197
3.185000 -0.005144 0.003587 0.000185
3.190000 -0.002806 0.001831 0.000166
3.195000 -0.000387 0.000020 0.000141
3.200000 0.002019 -0.001766 0.000110
3.205000 0.004317 -0.003449 0.000074
3.210000 0.006416 -0.004959 0.000036
3.215000 0.008233 -0.006232 -0.000004
3.220000 0.009693 -0.007215 -0.000043
3.225000 0.010734 -0.007867 -0.000080
3.230000 0.011312 -0.008162 -0.000112
3.235000 0.011399 -0.008089 -0.000140
3.240000 0.010989 -0.007650 -0.000162
3.245000 0.010097 -0.006869 -0.000179
3.250000 0.008758 -0.005781 -0.000189
3.255000 0.007029 -0.004438 -0.000194
3.260000 0.004982 -0.002902 -0.000193
3.265000 0.002704 -0.001245 -0.000186
3.270000 0.000297 0.000453 -0.000172
3.275000 -0.002135 0.002115 -0.000152
3.280000 -0.004479 0.003662 -0.000127
3.285000 -0.006628 0.005023 -0.000096
3.290000 -0.008480 0.006135 -0.000062
3.295000 -0.009942 0.006948 -0.000025
3.300000 -0.010942 0.007426 0.000012
3.305000 -0.011425 0.007546 0.000048
3.310000 -0.011361 0.007306 0.000081
3.315000 -0.010747 0.006719 0.000109
3.320000 -0.009607 0.005814 0.000131
3.325000 -0.007991 0.004636 0.000146
3.330000 -0.005973 0.003244 0.000152
3.335000 -0.003653 0.001705 0.000149
3.340000 -0.001142 0.000096 0.000139
3.345000 0.001432 -0.001503 0.000121
3.350000 0.003937 -0.003015 0.000096
3.355000 0.006244 -0.004366 0.000067
3.360000 0.008231 -0.005489 0.000035
3.365000 0.009793 -0.006331 0.000002
3.370000 0.010846 -0.006853 -0.000031
3.375000 0.011332 -0.007030 -0.000061
3.380000 0.011224 -0.006859 -0.000088
3.385000 0.010530 -0.006349 -0.000109
3.390000 0.009285 -0.005529 -0.000123
3.395000 0.007557 -0.004442 -0.000129
3.400000 0.005441 -0.003145 -0.000126
3.405000 0.003051 -0.001704 -0.000116
3.410000 0.000516 -0.000193 -0.000099
3.415000 -0.002025 0.001312 -0.000076
3.420000 -0.004435 0.002736 -0.000048
3.425000 -0.006584 0.004006 -0.000019
3.430000 -0.008356 0.005060 0.000011
3.435000 -0.009657 0.005845 0.000039
3.440000 -0.010420 0.006324 0.000064
3.445000 -0.010609 0.006474 0.000085
3.450000 -0.010219 0.006291 0.000101
3.455000 -0.009281 0.005787 0.000112
3.460000 -0.007852 0.004992 0.000116
3.465000 -0.006021 0.003948 0.000114
3.470000 -0.003893 0.002714 0.000106
3.475000 -0.001593 0.001356 0.000091
3.480000 0.000751 -0.000054 0.000071
3.485000 0.003008 -0.001443 0.000046
3.490000 0.005054 -0.002737 0.000018
3.495000 0.006779 -0.003870 -0.000012
3.500000 0.008095 -0.004786 -0.000041
3.505000 0.008935 -0.005440 -0.000068
3.510000 0.009265 -0.005801 -0.000092
3.515000 0.009077 -0.005854 -0.000110
3.520000 0.008393 -0.005602 -0.000122
3.525000 0.007266 -0.005060 -0.000126
3.530000 0.005769 -0.004262 -0.000123
3.535000 0.003995 -0.003251 -0.000111
3.540000 0.002051 -0.002085 -0.000093
3.545000 0.000050 -0.000826 -0.000070
3.550000 -0.001895 0.000459 -0.000042
3.555000 -0.003679 0.001702 -0.000013
3.560000 -0.005207 0.002836 0.000016
3.565000 -0.006403 0.003804 0.000042
3.570000 -0.007209 0.004555 0.000064
3.575000 -0.007595 0.005052 0.000081
3.580000 -0.007553 0.005271 0.000093
3.585000 -0.007100 0.005206 0.000099
3.590000 -0.006277 0.004864 0.000100
3.595000 -0.005144 0.004267 0.000096
3.600000 -0.003773 0.003452 0.000087
3.605000 -0.002251 0.002466 0.000074
3.610000 -0.000666 0.001365 0.000058
3.615000 0.000894 0.000210 0.000038
3.620000 0.002345 -0.000937 0.000017
3.625000 0.003614 -0.002015 -0.000005
3.630000 0.004642 -0.002967 -0.000027
3.635000 0.005383 -0.003744 -0.000046
3.640000 0.005810 -0.004308 -0.000063
3.645000 0.005914 -0.004631 -0.000076
3.650000 0.005704 -0.004699 -0.000085
3.655000 0.005205 -0.004513 -0.000090
3.660000 0.004456 -0.004086 -0.000090
3.665000 0.003509 -0.003444 -0.000087
3.670000 0.002420 -0.002626 -0.000079
3.675000 0.001253 -0.001678 -0.000069
3.680000 0.000070 -0.000654 -0.000056
3.685000 -0.001069 0.000390 -0.000040
3.690000 -0.002111 0.001397 -0.000024
3.695000 -0.003007 0.002313 -0.000007
3.700000 -0.003722 0.003089 0.000010
3.705000 -0.004229 0.003685 0.000026
3.710000 -0.004513 0.004072 0.000039
3.715000 -0.004568 0.004232 0.000050
3.720000 -0.004401 0.004158 0.000059
3.725000 -0.004028 0.003859 0.000065
3.730000 -0.003474 0.003353 0.000068
3.735000 -0.002771 0.002671 0.000069
3.740000 -0.001956 0.001853 0.000067
3.745000 -0.001070 0.000945 0.000064
3.750000 -0.000155 -0.000002 0.000058
3.755000 0.000749 -0.000936 0.000051
3.760000 0.001600 -0.001806 0.000041
3.765000 0.002363 -0.002564 0.000031
3.770000 0.003006 -0.003173 0.000019
3.775000 0.003501 -0.003599 0.000007
3.780000 0.003826 -0.003824 -0.000005
3.785000 0.003969 -0.003837 -0.000016
3.790000 0.003922 -0.003640 -0.000025
3.795000 0.003688 -0.003248 -0.000034
3.800000 0.003277 -0.002684 -0.000041
3.805000 0.002707 -0.001980 -0.000047
3.810000 0.002003 -0.001178 -0.000051
3.815000 0.001199 -0.000323 -0.000054
3.820000 0.000331 0.000538 -0.000056
3.825000 -0.000561 0.001358 -0.000056
3.830000 -0.001433 0.002092 -0.000054
3.835000 -0.002243 0.002701 -0.000052
3.840000 -0.002949 0.003153 -0.000048
3.845000 -0.003513 0.003426 -0.000043
3.850000 -0.003905 0.003506 -0.000037
3.855000 -0.004099 0.003394 -0.000031
3.860000 -0.004080 0.003096 -0.000025
3.865000 -0.003845 0.002632 -0.000019
3.870000 -0.003399 0.002031 -0.000013
3.875000 -0.002763 0.001326 -0.000007
3.880000 -0.001967 0.000558 -0.000002
3.885000 -0.001050 -0.000229 0.000002
3.890000 -0.000060 -0.000991 0.000005
3.895000 0.000951 -0.001685 0.000006
3.900000 0.001926 -0.002273 0.000006
3.905000 0.002810 -0.002723 0.000005
3.910000 0.003551 -0.003012 0.000004
3.915000 0.004102 -0.003126 0.000002
3.920000 0.004428 -0.003060 0.000000
3.925000 0.004504 -0.002823 0.000000
3.930000 0.004320 -0.002429 0.000002
3.935000 0.003879 -0.001905 0.000006
3.940000 0.003204 -0.001281 0.000012
3.945000 0.002330 -0.000595 0.000020
3.950000 0.001306 0.000114 0.000030
3.955000 0.000191 0.000803 0.000042
3.960000 -0.000949 0.001435 0.000054
3.965000 -0.002044 0.001974 0.000065
3.970000 -0.003027 0.002388 0.000076
3.975000 -0.003836 0.002656 0.000086
3.980000 -0.004419 0.002763 0.000092
3.985000 -0.004739 0.002705 0.000095
3.990000 -0.004770 0.002487 0.000095
3.995000 -0.004509 0.002124 0.000090
4.000000 -0.003969 0.001639 0.000081
4.005000 -0.003179 0.001063 0.000067
4.010000 -0.002188 0.000430 0.000049
4.015000 -0.001057 -0.000221 0.000028
4.020000 0.000144 -0.000851 0.000003
4.025000 0.001338 -0.001423 -0.000025
4.030000 0.002450 -0.001902 -0.000054
4.035000 0.003407 -0.002261 -0.000085
4.040000 0.004148 -0.002478 -0.000115
4.045000 0.004624 -0.002542 -0.000143
4.050000 0.004804 -0.002450 -0.000169
4.055000 0.004675 -0.002208 -0.000189
4.060000 0.004244 -0.001832 -0.000204
4.065000 0.003537 -0.001345 -0.000212
4.070000 0.002600 -0.000778 -0.000213
4.075000 0.001491 -0.000165 -0.000205
4.080000 0.000285 0.000455 -0.000190
4.085000 -0.000941 0.001046 -0.000167
4.090000 -0.002105 0.001572 -0.000137
4.095000 -0.003130 0.002001 -0.000103
4.100000 -0.003947 0.002308 -0.000064
4.105000 -0.004501 0.002475 -0.000022
4.110000 -0.004754 0.002492 0.000021
4.115000 -0.004689 0.002358 0.000063
4.120000 -0.004310 0.002081 0.000104
4.125000 -0.003642 0.001678 0.000141
4.130000 -0.002728 0.001174 0.000173
4.135000 -0.001629 0.000598 0.000199
4.140000 -0.000417 -0.000013 0.000219
4.145000 0.000826 -0.000624 0.000231
4.150000 0.002018 -0.001196 0.000237
4.155000 0.003079 -0.001695 0.000235
4.160000 0.003939 -0.002092 0.000225
4.165000 0.004540 -0.002362 0.000210
4.170000 0.004841 -0.002490 0.000188
4.175000 0.004823 -0.002469 0.000161
4.180000 0.004487 -0.002301 0.000131
4.185000 0.003855 -0.001997 0.000098
4.190000 0.002970 -0.001576 0.000064
4.195000 0.001891 -0.001064 0.000030
4.200000 0.000690 -0.000493 -0.000004
4.205000 -0.000554 0.000102 -0.000036
4.210000 -0.001757 0.000685 -0.000066
4.215000 -0.002840 0.001221 -0.000093
4.220000 -0.003733 0.001677 -0.000118
4.225000 -0.004375 0.002025 -0.000140
4.230000 -0.004726 0.002246 -0.000158
4.235000 -0.004765 0.002328 -0.000173
4.240000 -0.004490 0.002266 -0.000183
4.245000 -0.003923 0.002068 -0.000189
4.250000 -0.003105 0.001745 -0.000191
4.255000 -0.002091 0.001321 -0.000188
4.260000 -0.000953 0.000821 -0.000181
4.265000 0.000233 0.000278 -0.000169
4.270000 0.001387 -0.000274 -0.000153
4.275000 0.002432 -0.000801 -0.000134
4.280000 0.003300 -0.001268 -0.000112
4.285000 0.003935 -0.001648 -0.000086
4.290000 0.004297 -0.001918 -0.000058
4.295000 0.004367 -0.002059 -0.000028
4.300000 0.004142 -0.002066 0.000003
4.305000 0.003643 -0.001938 0.000034
4.310000 0.002906 -0.001686 0.000064
4.315000 0.001985 -0.001326 0.000093
4.320000 0.000945 -0.000883 0.000119
4.325000 -0.000143 -0.000386 0.000142
4.330000 -0.001204 0.000132 0.000160
4.335000 -0.002167 0.000638 0.000174
4.340000 -0.002968 0.001100 0.000183
4.345000 -0.003556 0.001487 0.000186
4.350000 -0.003893 0.001776 0.000183
4.355000 -0.003962 0.001946 0.000173
4.360000 -0.003761 0.001989 0.000157
4.365000 -0.003309 0.001900 0.000135
4.370000 -0.002639 0.001685 0.000108
4.375000 -0.001801 0.001359 0.000076
4.380000 -0.000854 0.000943 0.000042
4.385000 0.000135 0.000464 0.000007
4.390000 0.001099 -0.000047 -0.000029
4.395000 0.001973 -0.000557 -0.000063
4.400000 0.002697 -0.001033 -0.000094
4.405000 0.003227 -0.001445 -0.000121
4.410000 0.003528 -0.001766 -0.000143
4.415000 0.003585 -0.001977 -0.000159
4.420000 0.003399 -0.002064 -0.000168
4.425000 0.002987 -0.002020 -0.000171
4.430000 0.002382 -0.001850 -0.000166
4.435000 0.001627 -0.001562 -0.000155
4.440000 0.000778 -0.001176 -0.000137
4.445000 -0.000106 -0.000715 -0.000115
4.450000 -0.000964 -0.000208 -0.000090
4.455000 -0.001738 0.000313 -0.000062
4.460000 -0.002378 0.000815 -0.000033
4.465000 -0.002842 0.001266 -0.000004
4.470000 -0.003105 0.001640 0.000024
4.475000 -0.003152 0.001911 0.000049
4.480000 -0.002987 0.002065 0.000072
4.485000 -0.002626 0.002093 0.000090
4.490000 -0.002100 0.001993 0.000104
4.495000 -0.001448 0.001772 0.000113
4.500000 -0.000719 0.001445 0.000117
4.505000 0.000037 0.001032 0.000115
4.510000 0.000766 0.000559 0.000108
4.515000 0.001422 0.000056 0.000097
4.520000 0.001960 -0.000446 0.000083
4.525000 0.002350 -0.000916 0.000066
4.530000 0.002568 -0.001326 0.000047
4.535000 0.002606 -0.001649 0.000028
4.540000 0.002468 -0.001868 0.000009
4.545000 0.002169 -0.001970 -0.000009
4.550000 0.001735 -0.001949 -0.000027
4.555000 0.001202 -0.001808 -0.000042
4.560000 0.000610 -0.001559 -0.000055
4.565000 0.000001 -0.001218 -0.000065
4.570000 -0.000581 -0.000808 -0.000071
4.575000 -0.001100 -0.000354 -0.000074
4.580000 -0.001521 0.000113 -0.000073
4.585000 -0.001820 0.000565 -0.000069
4.590000 -0.001983 0.000974 -0.000063
4.595000 -0.002005 0.001313 -0.000055
4.600000 -0.001889 0.001564 -0.000045
4.605000 -0.001651 0.001711 -0.000035
4.610000 -0.001311 0.001745 -0.000024
4.615000 -0.000898 0.001668 -0.000013
4.620000 -0.000445 0.001484 -0.000003
4.625000 0.000017 0.001209 0.000007
4.630000 0.000454 0.000861 0.000017
4.635000 0.000837 0.000465 0.000025
4.640000 0.001143 0.000046 0.000031
4.645000 0.001355 -0.000366 0.000036
4.650000 0.001463 -0.000746 0.000039
4.655000 0.001465 -0.001069 0.000040
4.660000 0.001368 -0.001315 0.000039
4.665000 0.001182 -0.001468 0.000037
4.670000 0.000925 -0.001521 0.000035
4.675000 0.000619 -0.001471 0.000031
4.680000 0.000287 -0.001322 0.000026
4.685000 -0.000046 -0.001086 0.000021
4.690000 -0.000358 -0.000781 0.000015
4.695000 -0.000628 -0.000427 0.000008
4.700000 -0.000839 -0.000049 0.000001
4.705000 -0.000981 0.000326 -0.000007
4.710000 -0.001048 0.000673 -0.000014
4.715000 -0.001040 0.000970 -0.000020
4.720000 -0.000963 0.001196 -0.000025
4.725000 -0.000825 0.001337 -0.000029
4.730000 -0.000642 0.001385 -0.000032
4.735000 -0.000426 0.001337 -0.000033
4.740000 -0.000196 0.001198 -0.000034
4.745000 0.000033 0.000978 -0.000033
4.750000 0.000245 0.000691 -0.000030
4.755000 0.000429 0.000359 -0.000027
4.760000 0.000574 0.000003 -0.000022
4.765000 0.000672 -0.000351 -0.000017
4.770000 0.000722 -0.000680 -0.000010
4.775000 0.000722 -0.000962 -0.000003
4.780000 0.000677 -0.001177 0.000004
4.785000 0.000594 -0.001311 0.000010
4.790000 0.000480 -0.001355 0.000016
4.795000 0.000347 -0.001308 0.000021
4.800000 0.000204 -0.001172 0.000025
4.805000 0.000060 -0.000958 0.000027
4.810000 -0.000075 -0.000679 0.000029
4.815000 -0.000195 -0.000355 0.000029
4.820000 -0.000295 -0.000007 0.000028
4.825000 -0.000371 0.000343 0.000026
4.830000 -0.000421 0.000671 0.000022
4.835000 -0.000446 0.000956 0.000016
4.840000 -0.000447 0.001179 0.000010
4.845000 -0.000426 0.001326 0.000003
4.850000 -0.000389 0.001386 -0.000005
4.855000 -0.000338 0.001356 -0.000012
4.860000 -0.000278 0.001237 -0.000018
4.865000 -0.000214 0.001038 -0.000022
4.870000 -0.000148 0.000771 -0.000026
4.875000 -0.000083 0.000453 -0.000028
4.880000 -0.000020 0.000105 -0.000028
4.885000 0.000041 -0.000250 -0.000028
4.890000 0.000100 -0.000592 -0.000026
4.895000 0.000157 -0.000897 -0.000022
4.900000 0.000213 -0.001146 -0.000018
4.905000 0.000266 -0.001324 -0.000013
4.910000 0.000316 -0.001419 -0.000007
4.915000 0.000362 -0.001425 -0.000000
4.920000 0.000399 -0.001341 0.000005
4.925000 0.000427 -0.001171 0.000010
4.930000 0.000440 -0.000927 0.000014
4.935000 0.000437 -0.000624 0.000017
4.940000 0.000412 -0.000280 0.000018
4.945000 0.000364 0.000082 0.000018
4.950000 0.000291 0.000440 0.000017
4.955000 0.000192 0.000771 0.000015
4.960000 0.000069 0.001054 0.000013
4.965000 -0.000074 0.001272 0.000011
4.970000 -0.000228 0.001410 0.000008
4.975000 -0.000387 0.001460 0.000006
4.980000 -0.000539 0.001419 0.000003
4.985000 -0.000671 0.001289 -0.000000
4.990000 -0.000774 0.001078 -0.000003
4.995000 -0.000837 0.000799 -0.000005
5.000000 -0.000850 0.000469 -0.000007
5.005000 -0.000809 0.000110 -0.000008
5.010000 -0.000710 -0.000255 -0.000009
5.015000 -0.000556 -0.000604 -0.000010
5.020000 -0.000352 -0.000914 -0.000011
5.025000 -0.000109 -0.001164 -0.000012
5.030000 0.000161 -0.001340 -0.000013
5.035000 0.000439 -0.001430 -0.000013
5.040000 0.000707 -0.001429 -0.000013
5.045000 0.000943 -0.001338 -0.000013
5.050000 0.001129 -0.001162 -0.000011
5.055000 0.001248 -0.000914 -0.000009
5.060000 0.001286 -0.000609 -0.000006
5.065000 0.001237 -0.000268 -0.000002
5.070000 0.001099 0.000088 0.000001
5.075000 0.000877 0.000435 0.000005
5.080000 0.000583 0.000751 0.000008
5.085000 0.000236 0.001015 0.000010
5.090000 -0.000142 0.001212 0.000012
5.095000 -0.000526 0.001328 0.000013
5.100000 -0.000888 0.001358 0.000014
5.105000 -0.001201 0.001300 0.000013
5.110000 -0.001441 0.001159 0.000012
5.115000 -0.001587 0.000947 0.000009
5.120000 -0.001626 0.000677 0.000007
5.125000 -0.001551 0.000368 0.000003
5.130000 -0.001364 0.000040 -0.000000
5.135000 -0.001076 -0.000285 -0.000003
5.140000 -0.000705 -0.000586 -0.000006
5.145000 -0.000274 -0.000845 -0.000008
5.150000 0.000185 -0.001046 -0.000010
5.155000 0.000641 -0.001176 -0.000010
5.160000 0.001061 -0.001228 -0.000011
5.165000 0.001415 -0.001200 -0.000011
5.170000 0.001677 -0.001096 -0.000010
5.175000 0.001826 -0.000923 -0.000010
5.180000 0.001850 -0.000695 -0.000009
5.185000 0.001746 -0.000426 -0.000008
5.190000 0.001518 -0.000135 -0.000007
5.195000 0.001180 0.000159 -0.000005
5.200000 0.000756 0.000437 -0.000003
5.205000 0.000273 0.000682 -0.000001
5.210000 -0.000235 0.000879 0.000001
5.215000 -0.000731 0.001017 0.000003
5.220000 -0.001181 0.001087 0.000005
5.225000 -0.001553 0.001086 0.000006
5.230000 -0.001820 0.001015 0.000007
5.235000 -0.001962 0.000881 0.000008
5.240000 -0.001969 0.000691 0.000009
5.245000 -0.001840 0.000460 0.000010
5.250000 -0.001581 0.000203 0.000010
5.255000 -0.001211 -0.000064 0.000010
5.260000 -0.000754 -0.000322 0.000009
5.265000 -0.000241 -0.000556 0.000007
5.270000 0.000293 -0.000751 0.000004
5.275000 0.000811 -0.000894 0.000001
5.280000 0.001277 -0.000978 -0.000003
5.285000 0.001657 -0.000997 -0.000006
5.290000 0.001925 -0.000950 -0.000010
5.295000 0.002061 -0.000841 -0.000013
5.300000 0.002053 -0.000679 -0.000016
5.305000 0.001903 -0.000472 -0.000017
5.310000 0.001620 -0.000235 -0.000018
5.315000 0.001221 0.000015 -0.000017
5.320000 0.000736 0.000263 -0.000015
5.325000 0.000195 0.000492 -0.000012
5.330000 -0.000363 0.000687 -0.000008
5.335000 -0.000900 0.000834 -0.000003
5.340000 -0.001378 0.000923 0.000002
5.345000 -0.001763 0.000950 0.000007
5.350000 -0.002027 0.000911 0.000012
5.355000 -0.002150 0.000810 0.000015
5.360000 -0.002122 0.000654 0.000017
5.365000 -0.001943 0.000454 0.000018
5.370000 -0.001624 0.000223 0.000017
5.375000 -0.001186 -0.000024 0.000016
5.380000 -0.000661 -0.000268 0.000013
5.385000 -0.000084 -0.000493 0.000009
5.390000 0.000504 -0.000683 0.000005
5.395000 0.001060 -0.000826 0.000001
5.400000 0.001545 -0.000910 -0.000004
5.405000 0.001924 -0.000930 -0.000008
5.410000 0.002168 -0.000885 -0.000012
5.415000 0.002259 -0.000778 -0.000015
5.420000 0.002188 -0.000616 -0.000017
5.425000 0.001959 -0.000410 -0.000018
5.430000 0.001586 -0.000177 -0.000018
5.435000 0.001096 0.000069 -0.000017
5.440000 0.000522 0.000310 -0.000014
5.445000 -0.000094 0.000528 -0.000010
5.450000 -0.000708 0.000710 -0.000006
5.455000 -0.001275 0.000841 -0.000002
5.460000 -0.001752 0.000914 0.000002
5.465000 -0.002105 0.000922 0.000006
5.470000 -0.002307 0.000866 0.000010
5.475000 -0.002341 0.000749 0.000012
5.480000 -0.002205 0.000580 0.000014
5.485000 -0.001907 0.000370 0.000015
5.490000 -0.001468 0.000135 0.000015
5.495000 -0.000919 -0.000110 0.000014
5.500000 -0.000299 -0.000346 0.000011
5.505000 0.000346 -0.000559 0.000008
5.510000 0.000969 -0.000732 0.000005
5.515000 0.001525 -0.000856 0.000001
5.520000 0.001972 -0.000920 -0.000002
5.525000 0.002277 -0.000923 -0.000005
5.530000 0.002416 -0.000862 -0.000008
5.535000 0.002380 -0.000743 -0.000010
5.540000 0.002169 -0.000573 -0.000012
5.545000 0.001800 -0.000364 -0.000013
5.550000 0.001299 -0.000130 -0.000013
5.555000 0.000703 0.000114 -0.000013
5.560000 0.000055 0.000350 -0.000012
5.565000 -0.000598 0.000564 -0.000010
5.570000 -0.001209 0.000740 -0.000008
5.575000 -0.001733 0.000868 -0.000005
5.580000 -0.002132 0.000938 -0.000002
5.585000 -0.002377 0.000945 0.000001
5.590000 -0.002451 0.000890 0.000004
5.595000 -0.002347 0.000776 0.000007
5.600000 -0.002073 0.000610 0.000009
5.605000 -0.001650 0.000402 0.000011
5.610000 -0.001108 0.000167 0.000012
5.615000 -0.000486 -0.000082 0.000012
5.620000 0.000170 -0.000327 0.000012
5.625000 0.000814 -0.000553 0.000011
5.630000 0.001400 -0.000745 0.000009
5.635000 0.001885 -0.000889 0.000006
5.640000 0.002235 -0.000976 0.000003
5.645000 0.002427 -0.000999 0.000000
5.650000 0.002445 -0.000956 -0.000003
5.655000 0.002290 -0.000849 -0.000007
5.660000 0.001972 -0.000686 -0.000009
5.665000 0.001514 -0.000475 -0.000012
5.670000 0.000948 -0.000231 -0.000013
5.675000 0.000315 0.000030 -0.000014
5.680000 -0.000341 0.000291 -0.000014
5.685000 -0.000972 0.000535 -0.000013
5.690000 -0.001536 0.000746 -0.000010
5.695000 -0.001990 0.000908 -0.000008
5.700000 -0.002305 0.001010 -0.000004
5.705000 -0.002458 0.001046 -0.000000
5.710000 -0.002437 0.001011 0.000004
5.715000 -0.002246 0.000907 0.000007
5.720000 -0.001898 0.000740 0.000010
5.725000 -0.001417 0.000521 0.000012
5.730000 -0.000837 0.000265 0.000013
5.735000 -0.000199 -0.000012 0.000013
5.740000 0.000452 -0.000291 0.000012
5.745000 0.001070 -0.000554 0.000010
5.750000 0.001611 -0.000782 0.000007
5.755000 0.002037 -0.000961 0.000003
5.760000 0.002318 -0.001078 -0.000000
5.765000 0.002431 -0.001125 -0.000004
5.770000 0.002370 -0.001099 -0.000007
5.775000 0.002139 -0.001002 -0.000009
5.780000 0.001752 -0.000839 -0.000010
5.785000 0.001239 -0.000622 -0.000011
5.790000 0.000635 -0.000365 -0.000010
5.795000 -0.000018 -0.000086 -0.000009
5.800000 -0.000672 0.000195 -0.000008
5.805000 -0.001282 0.000461 -0.000005
5.810000 -0.001804 0.000693 -0.000003
5.815000 -0.002202 0.000876 -0.000001
5.820000 -0.002446 0.000996 0.000002
5.825000 -0.002521 0.001046 0.000003
5.830000 -0.002421 0.001023 0.000005
5.835000 -0.002153 0.000928 0.000005
5.840000 -0.001737 0.000768 0.000006
5.845000 -0.001204 0.000553 0.000006
5.850000 -0.000593 0.000298 0.000005
5.855000 0.000053 0.000020 0.000004
5.860000 0.000687 -0.000263 0.000004
5.865000 0.001263 -0.000532 0.000003
5.870000 0.001742 -0.000769 0.000002
5.875000 0.002088 -0.000958 0.000000
5.880000 0.002279 -0.001088 -0.000001
5.885000 0.002302 -0.001148 -0.000002
5.890000 0.002156 -0.001136 -0.000002
5.895000 0.001854 -0.001053 -0.000003
5.900000 0.001419 -0.000904 -0.000004
5.905000 0.000882 -0.000699 -0.000004
5.910000 0.000284 -0.000451 -0.000005
5.915000 -0.000331 -0.000177 -0.000005
5.920000 -0.000920 0.000106 -0.000005
5.925000 -0.001439 0.000380 -0.000005
5.930000 -0.001852 0.000627 -0.000004
5.935000 -0.002130 0.000831 -0.000003
5.940000 -0.002253 0.000981 -0.000003
5.945000 -0.002214 0.001065 -0.000001
5.950000 -0.002017 0.001080 -0.000000
5.955000 -0.001677 0.001026 0.000001
5.960000 -0.001218 0.000906 0.000002
5.965000 -0.000674 0.000729 0.000003
5.970000 -0.000083 0.000509 0.000003
5.975000 0.000513 0.000260 0.000003
5.980000 0.001073 -0.000001 0.000003
5.985000 0.001558 -0.000255 0.000002
5.990000 0.001936 -0.000484 0.000001
5.995000 0.002182 -0.000674 -0.000001
