0.000000 0.000000 0.000000 0.000000
0.005000 0.000000 0.000000 0.000000
0.010000 0.000000 0.000000 0.000000
0.015000 0.000000 0.000000 0.000000
0.020000 0.000000 0.000000 0.000000
0.025000 0.000000 0.000000 0.000000
0.030000 0.000000 0.000000 0.000000
0.035000 0.000000 0.000000 0.000000
0.040000 -0.000000 0.000000 -0.000000
0.045000 -0.000000 0.000000 -0.000000
0.050000 -0.000000 0.000000 -0.000000
0.055000 -0.000000 0.000000 -0.000000
0.060000 -0.000000 0.000000 -0.000000
0.065000 -0.000000 0.000000 -0.000000
0.070000 -0.000000 0.000000 -0.000000
0.075000 -0.000000 0.000000 -0.000000
0.080000 -0.000000 0.000000 -0.000000
0.085000 -0.000000 0.000000 -0.000000
0.090000 -0.000000 0.000000 -0.000000
0.095000 -0.000000 0.000000 -0.000000
0.100000 -0.000000 0.000000 -0.000000
0.105000 -0.000000 0.000000 -0.000000
0.110000 -0.000000 0.000000 -0.000000
0.115000 -0.000000 0.000000 -0.000000
0.120000 -0.000000 0.000000 -0.000000
0.125000 -0.000000 0.000000 -0.000000
0.130000 -0.000000 0.000000 -0.000000
0.135000 -0.000000 0.000000 -0.000000
0.140000 -0.000000 0.000000 -0.000000
0.145000 0.000000 0.000000 0.000000
0.150000 0.000000 0.000000 0.000000
0.155000 0.000000 0.000000 0.000000
0.160000 0.000000 0.000000 0.000000
0.165000 -0.000000 0.000000 0.000000
0.170000 -0.000000 0.000000 -0.000000
0.175000 -0.000000 0.000000 -0.000000
0.180000 -0.000000 0.000000 -0.000000
0.185000 -0.000000 0.000000 -0.000000
0.190000 0.000000 0.000000 -0.000000
0.195000 0.000000 0.000000 -0.000000
0.200000 0.000000 0.000000 0.000000
0.205000 0.000000 0.000000 0.000000
0.210000 -0.000000 0.000000 0.000000
0.215000 -0.000000 0.000000 0.000000
0.220000 -0.000000 0.000000 0.000000
0.225000 -0.000000 0.000000 -0.000000
0.230000 0.000000 0.000000 -0.000000
0.235000 0.000000 0.000000 -0.000000
0.240000 0.000000 0.000000 -0.000000
0.245000 0.000000 0.000000 -0.000000
0.250000 0.000000 0.000000 0.000000
0.255000 -0.000000 0.000000 0.000000
0.260000 -0.000000 0.000000 0.000000
0.265000 -0.000000 0.000000 0.000000
0.270000 -0.000000 0.000000 0.000000
0.275000 -0.000000 0.000000 -0.000000
0.280000 0.000000 0.000000 -0.000000
0.285000 0.000000 0.000000 -0.000000
0.290000 0.000000 0.000000 -0.000000
0.295000 0.000000 0.000000 0.000000
0.300000 0.000000 0.000000 0.000000
0.305000 -0.000000 0.000000 0.000000
0.310000 -0.000000 0.000000 0.000000
0.315000 -0.000000 0.000000 -0.000000
0.320000 -0.000000 0.000000 -0.000000
0.325000 -0.000000 0.000000 -0.000000
0.330000 0.000000 0.000000 -0.000000
0.335000 0.000000 0.000000 0.000000
0.340000 0.000000 0.000000 0.000000
0.345000 -0.000000 0.000000 0.000000
0.350000 -0.000000 0.000000 0.000000
0.355000 -0.000000 -0.000000 0.000000
0.360000 -0.000000 -0.000000 -0.000000
0.365000 0.000000 0.000000 -0.000000
0.370000 0.000000 0.000000 -0.000000
0.375000 0.000000 0.000000 -0.000000
0.380000 0.000000 0.000000 0.000000
0.385000 0.000000 0.000000 -0.000000
0.390000 -0.000000 -0.000000 -0.000000
0.395000 -0.000000 -0.000000 -0.000000
0.400000 -0.000000 -0.000000 -0.000000
0.405000 -0.000000 -0.000000 -0.000000
0.410000 -0.000000 -0.000000 -0.000000
0.415000 0.000000 0.000000 0.000000
0.420000 0.000000 0.000000 0.000000
0.425000 0.000000 0.000000 0.000000
0.430000 0.000000 0.000000 0.000000
0.435000 0.000000 0.000000 0.000000
0.440000 0.000000 0.000000 0.000000
0.445000 -0.000000 -0.000000 -0.000000
0.450000 -0.000002 -0.000000 -0.000001
0.455000 -0.000003 -0.000000 -0.000002
0.460000 -0.000005 -0.000000 -0.000003
0.465000 -0.000005 -0.000000 -0.000003
0.470000 -0.000003 -0.000000 -0.000001
0.475000 0.000005 0.000000 0.000004
0.480000 0.000019 0.000000 0.000013
0.485000 0.000040 0.000000 0.000025
0.490000 0.000063 0.000000 0.000038
0.495000 0.000079 0.000000 0.000046
0.500000 0.000071 0.000000 0.000038
0.505000 0.000015 0.000000 0.000001
0.510000 -0.000113 -0.000000 -0.000079
0.515000 -0.000334 -0.000000 -0.000215
0.520000 -0.000647 -0.000000 -0.000404
0.525000 -0.001018 -0.000000 -0.000625
0.530000 -0.001358 -0.000000 -0.000821
0.535000 -0.001507 -0.000000 -0.000897
0.540000 -0.001230 -0.000000 -0.000711
0.545000 -0.000222 -0.000000 -0.000081
0.550000 0.001869 -0.000000 0.001200
0.555000 0.005393 -0.000000 0.003345
0.560000 0.010648 -0.000000 0.006533
0.565000 0.017807 -0.000000 0.010874
0.570000 0.026860 -0.000000 0.016378
0.575000 0.037576 -0.000000 0.022926
0.580000 0.049489 0.000000 0.030270
0.585000 0.061933 0.000000 0.038041
0.590000 0.074113 0.000000 0.045790
0.595000 0.085199 0.000000 0.053033
0.600000 0.094440 0.000000 0.059317
0.605000 0.101263 0.000000 0.064268
0.610000 0.105338 0.000000 0.067633
0.615000 0.106598 0.000000 0.069294
0.620000 0.105210 -0.000000 0.069263
0.625000 0.101500 -0.000000 0.067655
0.630000 0.095862 -0.000000 0.064642
0.635000 0.088668 -0.000000 0.060420
0.640000 0.080208 -0.000000 0.055171
0.645000 0.070668 -0.000000 0.049057
0.650000 0.060159 -0.000000 0.042220
0.655000 0.048772 0.000000 0.034803
0.660000 0.036647 0.000000 0.026967
0.665000 0.024023 0.000000 0.018915
0.670000 0.011258 0.000000 0.010889
0.675000 -0.001194 0.000000 0.003163
0.680000 -0.012840 0.000000 -0.003989
0.685000 -0.023223 -0.000000 -0.010314
0.690000 -0.031986 -0.000000 -0.015615
0.695000 -0.038908 -0.000000 -0.019762
0.700000 -0.043903 -0.000000 -0.022686
0.705000 -0.046982 -0.000001 -0.024374
0.710000 -0.048198 -0.000001 -0.024839
0.715000 -0.047593 -0.000001 -0.024106
0.720000 -0.045177 -0.000001 -0.022201
0.725000 -0.040940 -0.000000 -0.019162
0.730000 -0.034908 0.000001 -0.015056
0.735000 -0.027206 0.000002 -0.010011
0.740000 -0.018129 0.000005 -0.004232
0.745000 -0.008167 0.000009 0.001981
0.750000 0.002015 0.000014 0.008254
0.755000 0.011648 0.000020 0.014169
0.760000 0.019978 0.000028 0.019319
0.765000 0.026389 0.000036 0.023363
0.770000 0.030514 0.000046 0.026083
0.775000 0.032297 0.000055 0.027417
0.780000 0.031995 0.000065 0.027462
0.785000 0.030116 0.000073 0.026462
0.790000 0.027311 0.000080 0.024754
0.795000 0.024245 0.000085 0.022713
0.800000 0.021473 0.000088 0.020691
0.805000 0.019360 0.000088 0.018962
0.810000 0.018040 0.000085 0.017695
0.815000 0.017441 0.000080 0.016944
0.820000 0.017348 0.000072 0.016671
0.825000 0.017494 0.000064 0.016781
0.830000 0.017650 0.000054 0.017160
0.835000 0.017700 0.000045 0.017722
0.840000 0.017672 0.000035 0.018425
0.845000 0.017725 0.000026 0.019281
0.850000 0.018104 0.000019 0.020341
0.855000 0.019062 0.000012 0.021671
0.860000 0.020795 0.000006 0.023318
0.865000 0.023387 -0.000000 0.025289
0.870000 0.026791 -0.000006 0.027547
0.875000 0.030858 -0.000011 0.030012
0.880000 0.035384 -0.000016 0.032586
0.885000 0.040177 -0.000020 0.035180
0.890000 0.045108 -0.000025 0.037733
0.895000 0.050137 -0.000028 0.040220
0.900000 0.055295 -0.000029 0.042643
0.905000 0.060630 -0.000029 0.045006
0.910000 0.066142 -0.000026 0.047280
0.915000 0.071720 -0.000021 0.049374
0.920000 0.077103 -0.000015 0.051115
0.925000 0.081893 -0.000006 0.052247
0.930000 0.085604 0.000003 0.052451
0.935000 0.087741 0.000011 0.051377
0.940000 0.087884 0.000020 0.048682
0.945000 0.085752 0.000026 0.044064
0.950000 0.081230 0.000031 0.037292
0.955000 0.074359 0.000033 0.028213
0.960000 0.065288 0.000033 0.016764
0.965000 0.054218 0.000032 0.002961
0.970000 0.041354 0.000029 -0.013098
0.975000 0.026886 0.000025 -0.031229
0.980000 0.010993 0.000022 -0.051159
0.985000 -0.006114 0.000019 -0.072510
0.990000 -0.024152 0.000017 -0.094794
0.995000 -0.042730 0.000016 -0.117408
1.000000 -0.061340 0.000016 -0.139646
1.005000 -0.079376 0.000017 -0.160724
1.010000 -0.096191 0.000019 -0.179818
1.015000 -0.111157 0.000020 -0.196112
1.020000 -0.123731 0.000022 -0.208850
1.025000 -0.133507 0.000024 -0.217386
1.030000 -0.140237 0.000025 -0.221230
1.035000 -0.143836 0.000025 -0.220080
1.040000 -0.144354 0.000025 -0.213842
1.045000 -0.141954 0.000025 -0.202637
1.050000 -0.136877 0.000025 -0.186794
1.055000 -0.129423 0.000024 -0.166835
1.060000 -0.119934 0.000024 -0.143444
1.065000 -0.108786 0.000025 -0.117433
1.070000 -0.096388 0.000026 -0.089703
1.075000 -0.083176 0.000027 -0.061200
1.080000 -0.069603 0.000029 -0.032876
1.085000 -0.056126 0.000030 -0.005640
1.090000 -0.043186 0.000033 0.019676
1.095000 -0.031186 0.000035 0.042350
1.100000 -0.020473 0.000037 0.061804
1.105000 -0.011315 0.000040 0.077619
1.110000 -0.003889 0.000042 0.089551
1.115000 0.001730 0.000045 0.097533
1.120000 0.005565 0.000048 0.101668
1.125000 0.007741 0.000051 0.102211
1.130000 0.008459 0.000054 0.099545
1.135000 0.007981 0.000058 0.094150
1.140000 0.006600 0.000061 0.086568
1.145000 0.004613 0.000065 0.077368
1.150000 0.002298 0.000069 0.067114
1.155000 -0.000101 0.000073 0.056342
1.160000 -0.002388 0.000076 0.045534
1.165000 -0.004406 0.000079 0.035111
1.170000 -0.006035 0.000082 0.025424
1.175000 -0.007186 0.000084 0.016751
1.180000 -0.007790 0.000085 0.009305
1.185000 -0.007802 0.000085 0.003226
1.190000 -0.007206 0.000084 -0.001406
1.195000 -0.006021 0.000081 -0.004581
1.200000 -0.004311 0.000078 -0.006351
1.205000 -0.002190 0.000074 -0.006830
1.210000 0.000188 0.000068 -0.006193
1.215000 0.002639 0.000062 -0.004664
1.220000 0.004971 0.000054 -0.002506
1.225000 0.007005 0.000046 -0.000002
1.230000 0.008599 0.000036 0.002561
1.235000 0.009663 0.000023 0.004920
1.240000 0.010164 0.000008 0.006847
1.245000 0.010124 -0.000010 0.008175
1.250000 0.009613 -0.000033 0.008800
1.255000 0.008729 -0.000061 0.008695
1.260000 0.007589 -0.000095 0.007903
1.265000 0.006312 -0.000136 0.006530
1.270000 0.005011 -0.000185 0.004738
1.275000 0.003783 -0.000242 0.002722
1.280000 0.002709 -0.000308 0.000693
1.285000 0.001849 -0.000383 -0.001140
1.290000 0.001241 -0.000465 -0.002593
1.295000 0.000898 -0.000555 -0.003524
1.300000 0.000812 -0.000650 -0.003844
1.305000 0.000956 -0.000749 -0.003528
1.310000 0.001283 -0.000849 -0.002616
1.315000 0.001735 -0.000947 -0.001207
1.320000 0.002248 -0.001039 0.000551
1.325000 0.002756 -0.001123 0.002477
1.330000 0.003197 -0.001193 0.004377
1.335000 0.003519 -0.001246 0.006064
1.340000 0.003681 -0.001278 0.007375
1.345000 0.003660 -0.001285 0.008193
1.350000 0.003452 -0.001263 0.008453
1.355000 0.003077 -0.001210 0.008154
1.360000 0.002574 -0.001125 0.007354
1.365000 0.002004 -0.001008 0.006164
1.370000 0.001436 -0.000858 0.004737
1.375000 0.000942 -0.000679 0.003245
1.380000 0.000583 -0.000473 0.001863
1.385000 0.000401 -0.000245 0.000743
1.390000 0.000409 -0.000001 0.000002
1.395000 0.000588 0.000252 -0.000296
1.400000 0.000895 0.000506 -0.000145
1.405000 0.001269 0.000754 0.000409
1.410000 0.001641 0.000987 0.001268
1.415000 0.001948 0.001197 0.002305
1.420000 0.002145 0.001375 0.003376
1.425000 0.002205 0.001516 0.004345
1.430000 0.002123 0.001613 0.005094
1.435000 0.001918 0.001662 0.005540
1.440000 0.001619 0.001662 0.005643
1.445000 0.001264 0.001611 0.005407
1.450000 0.000894 0.001513 0.004876
1.455000 0.000548 0.001370 0.004126
1.460000 0.000255 0.001189 0.003256
1.465000 0.000039 0.000978 0.002368
1.470000 -0.000086 0.000745 0.001562
1.475000 -0.000118 0.000501 0.000921
1.480000 -0.000064 0.000256 0.000501
1.485000 0.000060 0.000020 0.000329
1.490000 0.000231 -0.000196 0.000399
1.495000 0.000423 -0.000384 0.000678
1.500000 0.000608 -0.000536 0.001109
1.505000 0.000761 -0.000648 0.001622
1.510000 0.000864 -0.000715 0.002145
1.515000 0.000902 -0.000737 0.002608
1.520000 0.000870 -0.000715 0.002954
1.525000 0.000769 -0.000652 0.003148
1.530000 0.000606 -0.000555 0.003173
1.535000 0.000391 -0.000429 0.003035
1.540000 0.000142 -0.000284 0.002758
1.545000 -0.000122 -0.000129 0.002382
1.550000 -0.000377 0.000027 0.001955
1.555000 -0.000600 0.000175 0.001528
1.560000 -0.000766 0.000306 0.001151
1.565000 -0.000857 0.000412 0.000862
1.570000 -0.000865 0.000489 0.000689
1.575000 -0.000790 0.000531 0.000644
1.580000 -0.000644 0.000538 0.000720
1.585000 -0.000450 0.000510 0.000898
1.590000 -0.000234 0.000450 0.001146
1.595000 -0.000027 0.000362 0.001425
1.600000 0.000148 0.000253 0.001695
1.605000 0.000274 0.000131 0.001919
1.610000 0.000345 0.000003 0.002069
1.615000 0.000364 -0.000120 0.002130
1.620000 0.000338 -0.000233 0.002099
1.625000 0.000281 -0.000327 0.001983
1.630000 0.000206 -0.000396 0.001800
1.635000 0.000122 -0.000436 0.001576
1.640000 0.000037 -0.000446 0.001335
1.645000 -0.000047 -0.000425 0.001105
1.650000 -0.000130 -0.000375 0.000905
1.655000 -0.000213 -0.000300 0.000752
1.660000 -0.000297 -0.000206 0.000655
1.665000 -0.000382 -0.000099 0.000614
1.670000 -0.000469 0.000014 0.000626
1.675000 -0.000554 0.000125 0.000681
1.680000 -0.000632 0.000225 0.000765
1.685000 -0.000694 0.000310 0.000865
1.690000 -0.000732 0.000372 0.000966
1.695000 -0.000735 0.000409 0.001057
1.700000 -0.000696 0.000417 0.001127
1.705000 -0.000609 0.000397 0.001172
1.710000 -0.000476 0.000350 0.001186
1.715000 -0.000303 0.000280 0.001171
1.720000 -0.000105 0.000192 0.001126
1.725000 0.000100 0.000091 0.001056
1.730000 0.000290 -0.000014 0.000964
1.735000 0.000443 -0.000116 0.000854
1.740000 0.000543 -0.000209 0.000734
1.745000 0.000578 -0.000286 0.000609
1.750000 0.000542 -0.000341 0.000489
1.755000 0.000438 -0.000371 0.000381
1.760000 0.000274 -0.000375 0.000295
1.765000 0.000062 -0.000351 0.000237
1.770000 -0.000182 -0.000303 0.000212
1.775000 -0.000443 -0.000233 0.000221
1.780000 -0.000699 -0.000147 0.000262
1.785000 -0.000932 -0.000051 0.000330
1.790000 -0.001121 0.000048 0.000415
1.795000 -0.001247 0.000144 0.000508
1.800000 -0.001294 0.000229 0.000600
1.805000 -0.001252 0.000297 0.000680
1.810000 -0.001120 0.000344 0.000740
1.815000 -0.000903 0.000366 0.000776
1.820000 -0.000618 0.000362 0.000783
1.825000 -0.000288 0.000333 0.000761
1.830000 0.000058 0.000279 0.000710
1.835000 0.000389 0.000206 0.000635
1.840000 0.000673 0.000118 0.000542
1.845000 0.000885 0.000022 0.000436
1.850000 0.001003 -0.000076 0.000328
1.855000 0.001014 -0.000167 0.000224
1.860000 0.000916 -0.000247 0.000133
1.865000 0.000714 -0.000308 0.000062
1.870000 0.000425 -0.000346 0.000015
1.875000 0.000074 -0.000360 -0.000005
1.880000 -0.000309 -0.000346 0.000002
1.885000 -0.000689 -0.000307 0.000036
1.890000 -0.001032 -0.000245 0.000094
1.895000 -0.001304 -0.000165 0.000169
1.900000 -0.001483 -0.000072 0.000257
1.905000 -0.001552 0.000028 0.000348
1.910000 -0.001507 0.000126 0.000434
1.915000 -0.001352 0.000216 0.000506
1.920000 -0.001102 0.000291 0.000557
1.925000 -0.000777 0.000347 0.000579
1.930000 -0.000405 0.000378 0.000570
1.935000 -0.000013 0.000384 0.000530
1.940000 0.000370 0.000363 0.000461
1.945000 0.000713 0.000318 0.000370
1.950000 0.000992 0.000251 0.000267
1.955000 0.001182 0.000168 0.000161
1.960000 0.001268 0.000074 0.000062
1.965000 0.001239 -0.000025 -0.000022
1.970000 0.001093 -0.000120 -0.000082
1.975000 0.000840 -0.000205 -0.000116
1.980000 0.000497 -0.000275 -0.000122
1.985000 0.000091 -0.000325 -0.000101
1.990000 -0.000345 -0.000350 -0.000058
1.995000 -0.000776 -0.000350 0.000003
2.000000 -0.001163 -0.000325 0.000074
2.005000 -0.001474 -0.000277 0.000149
2.010000 -0.001683 -0.000210 0.000222
2.015000 -0.001768 -0.000129 0.000285
2.020000 -0.001723 -0.000039 0.000335
2.025000 -0.001549 0.000051 0.000367
2.030000 -0.001260 0.000136 0.000380
2.035000 -0.000879 0.000210 0.000374
2.040000 -0.000437 0.000266 0.000350
2.045000 0.000026 0.000301 0.000311
2.050000 0.000471 0.000312 0.000260
2.055000 0.000860 0.000299 0.000201
2.060000 0.001158 0.000263 0.000137
2.065000 0.001341 0.000207 0.000074
2.070000 0.001395 0.000135 0.000015
2.075000 0.001316 0.000052 -0.000035
2.080000 0.001112 -0.000035 -0.000073
2.085000 0.000803 -0.000119 -0.000095
2.090000 0.000413 -0.000195 -0.000099
2.095000 -0.000023 -0.000257 -0.000086
2.100000 -0.000472 -0.000299 -0.000057
2.105000 -0.000895 -0.000320 -0.000016
2.110000 -0.001257 -0.000317 0.000034
2.115000 -0.001529 -0.000290 0.000087
2.120000 -0.001686 -0.000241 0.000138
2.125000 -0.001713 -0.000174 0.000183
2.130000 -0.001607 -0.000093 0.000219
2.135000 -0.001374 -0.000004 0.000243
2.140000 -0.001035 0.000086 0.000253
2.145000 -0.000618 0.000171 0.000250
2.150000 -0.000160 0.000245 0.000234
2.155000 0.000300 0.000302 0.000206
2.160000 0.000722 0.000339 0.000168
2.165000 0.001070 0.000351 0.000124
2.170000 0.001315 0.000339 0.000077
2.175000 0.001438 0.000303 0.000029
2.180000 0.001429 0.000244 -0.000016
2.185000 0.001291 0.000169 -0.000053
2.190000 0.001036 0.000080 -0.000082
2.195000 0.000686 -0.000014 -0.000098
2.200000 0.000272 -0.000108 -0.000102
2.205000 -0.000173 -0.000195 -0.000093
2.210000 -0.000609 -0.000268 -0.000072
2.215000 -0.001001 -0.000323 -0.000041
2.220000 -0.001316 -0.000354 -0.000003
2.225000 -0.001530 -0.000361 0.000041
2.230000 -0.001625 -0.000341 0.000086
2.235000 -0.001597 -0.000298 0.000128
2.240000 -0.001450 -0.000233 0.000165
2.245000 -0.001199 -0.000152 0.000191
2.250000 -0.000864 -0.000060 0.000205
2.255000 -0.000474 0.000035 0.000205
2.260000 -0.000061 0.000128 0.000190
2.265000 0.000343 0.000211 0.000161
2.270000 0.000708 0.000278 0.000122
2.275000 0.001005 0.000325 0.000077
2.280000 0.001211 0.000348 0.000029
2.285000 0.001310 0.000346 -0.000017
2.290000 0.001295 0.000318 -0.000056
2.295000 0.001166 0.000268 -0.000085
2.300000 0.000935 0.000198 -0.000102
2.305000 0.000620 0.000113 -0.000107
2.310000 0.000248 0.000021 -0.000100
2.315000 -0.000151 -0.000072 -0.000082
2.320000 -0.000542 -0.000160 -0.000055
2.325000 -0.000893 -0.000236 -0.000022
2.330000 -0.001176 -0.000293 0.000014
2.335000 -0.001367 -0.000329 0.000049
2.340000 -0.001449 -0.000341 0.000081
2.345000 -0.001418 -0.000327 0.000107
2.350000 -0.001276 -0.000289 0.000126
2.355000 -0.001036 -0.000231 0.000136
2.360000 -0.000719 -0.000155 0.000136
2.365000 -0.000352 -0.000069 0.000128
2.370000 0.000033 0.000021 0.000112
2.375000 0.000402 0.000109 0.000090
2.380000 0.000725 0.000188 0.000063
2.385000 0.000974 0.000253 0.000033
2.390000 0.001130 0.000298 0.000003
2.395000 0.001182 0.000322 -0.000025
2.400000 0.001128 0.000321 -0.000049
2.405000 0.000974 0.000297 -0.000066
2.410000 0.000736 0.000251 -0.000075
2.415000 0.000435 0.000187 -0.000075
2.420000 0.000095 0.000110 -0.000067
2.425000 -0.000254 0.000025 -0.000050
2.430000 -0.000586 -0.000062 -0.000029
2.435000 -0.000871 -0.000143 -0.000004
2.440000 -0.001088 -0.000214 0.000021
2.445000 -0.001218 -0.000269 0.000044
2.450000 -0.001250 -0.000304 0.000062
2.455000 -0.001181 -0.000316 0.000076
2.460000 -0.001019 -0.000306 0.000083
2.465000 -0.000776 -0.000273 0.000085
2.470000 -0.000476 -0.000221 0.000081
2.475000 -0.000145 -0.000152 0.000073
2.480000 0.000187 -0.000073 0.000062
2.485000 0.000492 0.000011 0.000048
2.490000 0.000743 0.000093 0.000032
2.495000 0.000920 0.000169 0.000014
2.500000 0.001010 0.000232 -0.000003
2.505000 0.001007 0.000277 -0.000019
2.510000 0.000913 0.000302 -0.000034
2.515000 0.000737 0.000305 -0.000045
2.520000 0.000497 0.000286 -0.000053
2.525000 0.000214 0.000245 -0.000056
2.530000 -0.000088 0.000187 -0.000054
2.535000 -0.000381 0.000115 -0.000048
2.540000 -0.000641 0.000034 -0.000037
2.545000 -0.000847 -0.000049 -0.000022
2.550000 -0.000983 -0.000128 -0.000004
2.555000 -0.001038 -0.000198 0.000015
2.560000 -0.001010 -0.000253 0.000034
2.565000 -0.000903 -0.000289 0.000051
2.570000 -0.000728 -0.000304 0.000064
2.575000 -0.000499 -0.000297 0.000071
2.580000 -0.000238 -0.000268 0.000072
2.585000 0.000036 -0.000219 0.000066
2.590000 0.000300 -0.000154 0.000054
2.595000 0.000532 -0.000079 0.000037
2.600000 0.000714 0.000003 0.000017
2.605000 0.000830 0.000084 -0.000004
2.610000 0.000871 0.000158 -0.000023
2.615000 0.000834 0.000221 -0.000040
2.620000 0.000721 0.000267 -0.000052
2.625000 0.000542 0.000293 -0.000059
2.630000 0.000313 0.000297 -0.000060
2.635000 0.000054 0.000279 -0.000055
2.640000 -0.000213 0.000241 -0.000046
2.645000 -0.000464 0.000184 -0.000033
2.650000 -0.000678 0.000114 -0.000017
2.655000 -0.000837 0.000036 -0.000000
2.660000 -0.000926 -0.000045 0.000017
2.665000 -0.000940 -0.000122 0.000032
2.670000 -0.000876 -0.000189 0.000043
2.675000 -0.000741 -0.000243 0.000051
2.680000 -0.000545 -0.000278 0.000054
2.685000 -0.000307 -0.000292 0.000052
2.690000 -0.000046 -0.000285 0.000045
2.695000 0.000214 -0.000256 0.000036
2.700000 0.000452 -0.000209 0.000023
2.705000 0.000645 -0.000147 0.000010
2.710000 0.000777 -0.000075 -0.000004
2.715000 0.000837 0.000003 -0.000016
2.720000 0.000819 0.000080 -0.000027
2.725000 0.000726 0.000150 -0.000035
2.730000 0.000567 0.000209 -0.000039
2.735000 0.000356 0.000252 -0.000040
2.740000 0.000111 0.000276 -0.000037
2.745000 -0.000146 0.000279 -0.000030
2.750000 -0.000394 0.000263 -0.000020
2.755000 -0.000612 0.000226 -0.000008
2.760000 -0.000781 0.000174 0.000004
2.765000 -0.000886 0.000109 0.000015
2.770000 -0.000918 0.000036 0.000024
2.775000 -0.000874 -0.000039 0.000031
2.780000 -0.000757 -0.000111 0.000034
2.785000 -0.000578 -0.000175 0.000035
2.790000 -0.000350 -0.000225 0.000033
2.795000 -0.000095 -0.000259 0.000028
2.800000 0.000166 -0.000273 0.000022
2.805000 0.000410 -0.000267 0.000015
2.810000 0.000615 -0.000242 0.000007
2.815000 0.000764 -0.000199 -0.000001
2.820000 0.000844 -0.000142 -0.000009
2.825000 0.000850 -0.000074 -0.000016
2.830000 0.000779 -0.000002 -0.000022
2.835000 0.000639 0.000070 -0.000027
2.840000 0.000441 0.000137 -0.000030
2.845000 0.000201 0.000194 -0.000032
2.850000 -0.000059 0.000235 -0.000031
2.855000 -0.000319 0.000260 -0.000029
2.860000 -0.000554 0.000264 -0.000025
2.865000 -0.000746 0.000250 -0.000019
2.870000 -0.000878 0.000216 -0.000011
2.875000 -0.000938 0.000167 -0.000003
2.880000 -0.000921 0.000106 0.000007
2.885000 -0.000830 0.000037 0.000017
2.890000 -0.000672 -0.000035 0.000025
2.895000 -0.000460 -0.000103 0.000031
2.900000 -0.000213 -0.000164 0.000035
2.905000 0.000049 -0.000212 0.000034
2.910000 0.000306 -0.000245 0.000030
2.915000 0.000536 -0.000259 0.000022
2.920000 0.000721 -0.000254 0.000010
2.925000 0.000847 -0.000230 -0.000003
2.930000 0.000901 -0.000189 -0.000016
2.935000 0.000878 -0.000134 -0.000028
2.940000 0.000780 -0.000070 -0.000037
2.945000 0.000613 -0.000001 -0.000044
2.950000 0.000390 0.000068 -0.000046
2.955000 0.000129 0.000131 -0.000045
2.960000 -0.000149 0.000184 -0.000040
2.965000 -0.000421 0.000223 -0.000032
2.970000 -0.000663 0.000245 -0.000021
2.975000 -0.000856 0.000249 -0.000010
2.980000 -0.000982 0.000234 0.000002
2.985000 -0.001031 0.000201 0.000013
2.990000 -0.000997 0.000154 0.000022
2.995000 -0.000882 0.000096 0.000028
3.000000 -0.000694 0.000031 0.000031
3.005000 -0.000449 -0.000036 0.000031
3.010000 -0.000165 -0.000100 0.000028
3.015000 0.000134 -0.000156 0.000023
3.020000 0.000424 -0.000200 0.000016
3.025000 0.000681 -0.000229 0.000008
3.030000 0.000882 -0.000240 -0.000000
3.035000 0.001010 -0.000234 -0.000008
3.040000 0.001054 -0.000211 -0.000016
3.045000 0.001012 -0.000173 -0.000021
3.050000 0.000885 -0.000122 -0.000025
3.055000 0.000686 -0.000062 -0.000027
3.060000 0.000431 0.000001 -0.000026
3.065000 0.000140 0.000065 -0.000021
3.070000 -0.000162 0.000122 -0.000015
3.075000 -0.000451 0.000171 -0.000005
3.080000 -0.000703 0.000206 0.000006
3.085000 -0.000898 0.000226 0.000017
3.090000 -0.001018 0.000230 0.000028
3.095000 -0.001053 0.000216 0.000038
3.100000 -0.001000 0.000186 0.000045
3.105000 -0.000860 0.000143 0.000050
3.110000 -0.000645 0.000089 0.000052
3.115000 -0.000370 0.000029 0.000052
3.120000 -0.000059 -0.000033 0.000050
3.125000 0.000263 -0.000092 0.000046
3.130000 0.000571 -0.000144 0.000040
3.135000 0.000838 -0.000185 0.000033
3.140000 0.001042 -0.000213 0.000026
3.145000 0.001167 -0.000224 0.000018
3.150000 0.001202 -0.000219 0.000009
3.155000 0.001144 -0.000197 0.000002
3.160000 0.000996 -0.000161 -0.000006
3.165000 0.000769 -0.000114 -0.000012
3.170000 0.000481 -0.000058 -0.000016
3.175000 0.000153 0.000002 -0.000019
3.180000 -0.000188 0.000061 -0.000021
3.185000 -0.000517 0.000116 -0.000020
3.190000 -0.000806 0.000161 -0.000018
3.195000 -0.001034 0.000194 -0.000015
3.200000 -0.001183 0.000213 -0.000010
3.205000 -0.001240 0.000216 -0.000005
3.210000 -0.001203 0.000202 0.000001
3.215000 -0.001075 0.000174 0.000005
3.220000 -0.000867 0.000132 0.000009
3.225000 -0.000596 0.000081 0.000009
3.230000 -0.000283 0.000024 0.000007
3.235000 0.000047 -0.000034 0.000002
3.240000 0.000367 -0.000090 -0.000006
3.245000 0.000653 -0.000138 -0.000016
3.250000 0.000882 -0.000176 -0.000028
3.255000 0.001034 -0.000201 -0.000039
3.260000 0.001097 -0.000210 -0.000049
3.265000 0.001065 -0.000204 -0.000057
3.270000 0.000938 -0.000182 -0.000061
3.275000 0.000726 -0.000147 -0.000063
3.280000 0.000447 -0.000102 -0.000061
3.285000 0.000121 -0.000049 -0.000056
3.290000 -0.000223 0.000007 -0.000048
3.295000 -0.000558 0.000062 -0.000037
3.300000 -0.000857 0.000112 -0.000026
3.305000 -0.001095 0.000153 -0.000013
3.310000 -0.001250 0.000183 -0.000000
3.315000 -0.001311 0.000198 0.000012
3.320000 -0.001271 0.000199 0.000022
3.325000 -0.001131 0.000185 0.000030
3.330000 -0.000901 0.000158 0.000036
3.335000 -0.000597 0.000119 0.000039
3.340000 -0.000244 0.000071 0.000039
3.345000 0.000133 0.000018 0.000037
3.350000 0.000502 -0.000035 0.000033
3.355000 0.000836 -0.000086 0.000027
3.360000 0.001107 -0.000130 0.000021
3.365000 0.001294 -0.000164 0.000013
3.370000 0.001381 -0.000186 0.000005
3.375000 0.001362 -0.000193 -0.000002
3.380000 0.001239 -0.000187 -0.000009
3.385000 0.001021 -0.000167 -0.000014
3.390000 0.000726 -0.000134 -0.000018
3.395000 0.000375 -0.000092 -0.000020
3.400000 -0.000004 -0.000043 -0.000020
3.405000 -0.000382 0.000008 -0.000018
3.410000 -0.000731 0.000059 -0.000014
3.415000 -0.001023 0.000105 -0.000010
3.420000 -0.001235 0.000143 -0.000006
3.425000 -0.001351 0.000170 -0.000003
3.430000 -0.001362 0.000185 0.000001
3.435000 -0.001267 0.000185 0.000003
3.440000 -0.001073 0.000172 0.000004
3.445000 -0.000797 0.000146 0.000004
3.450000 -0.000459 0.000109 0.000003
3.455000 -0.000089 0.000065 0.000001
3.460000 0.000287 0.000015 -0.000002
3.465000 0.000637 -0.000035 -0.000007
3.470000 0.000934 -0.000083 -0.000012
3.475000 0.001156 -0.000124 -0.000017
3.480000 0.001285 -0.000156 -0.000022
3.485000 0.001311 -0.000176 -0.000027
3.490000 0.001231 -0.000183 -0.000030
3.495000 0.001053 -0.000176 -0.000032
3.500000 0.000790 -0.000156 -0.000031
3.505000 0.000461 -0.000125 -0.000029
3.510000 0.000094 -0.000084 -0.000025
3.515000 -0.000282 -0.000037 -0.000019
3.520000 -0.000638 0.000012 -0.000012
3.525000 -0.000945 0.000060 -0.000003
3.530000 -0.001178 0.000103 0.000006
3.535000 -0.001319 0.000138 0.000016
3.540000 -0.001357 0.000163 0.000024
3.545000 -0.001288 0.000175 0.000032
3.550000 -0.001118 0.000174 0.000037
3.555000 -0.000860 0.000160 0.000040
3.560000 -0.000533 0.000134 0.000039
3.565000 -0.000163 0.000098 0.000036
3.570000 0.000223 0.000055 0.000029
3.575000 0.000593 0.000008 0.000020
3.580000 0.000920 -0.000039 0.000010
3.585000 0.001176 -0.000083 -0.000001
3.590000 0.001341 -0.000121 -0.000012
3.595000 0.001401 -0.000149 -0.000021
3.600000 0.001350 -0.000166 -0.000029
3.605000 0.001191 -0.000171 -0.000034
3.610000 0.000937 -0.000162 -0.000037
3.615000 0.000607 -0.000142 -0.000038
3.620000 0.000226 -0.000111 -0.000036
3.625000 -0.000175 -0.000072 -0.000032
3.630000 -0.000565 -0.000029 -0.000026
3.635000 -0.000915 0.000017 -0.000019
3.640000 -0.001196 0.000061 -0.000011
3.645000 -0.001387 0.000100 -0.000003
3.650000 -0.001472 0.000132 0.000005
3.655000 -0.001445 0.000153 0.000011
3.660000 -0.001306 0.000163 0.000017
3.665000 -0.001066 0.000160 0.000020
3.670000 -0.000744 0.000146 0.000023
3.675000 -0.000364 0.000121 0.000024
3.680000 0.000044 0.000087 0.000023
3.685000 0.000448 0.000047 0.000021
3.690000 0.000816 0.000003 0.000018
3.695000 0.001121 -0.000040 0.000014
3.700000 0.001338 -0.000080 0.000009
3.705000 0.001451 -0.000115 0.000003
3.710000 0.001453 -0.000140 -0.000004
3.715000 0.001343 -0.000155 -0.000009
3.720000 0.001130 -0.000158 -0.000014
3.725000 0.000830 -0.000150 -0.000017
3.730000 0.000467 -0.000130 -0.000019
3.735000 0.000067 -0.000101 -0.000018
3.740000 -0.000338 -0.000064 -0.000016
3.745000 -0.000718 -0.000023 -0.000012
3.750000 -0.001043 0.000020 -0.000008
3.755000 -0.001288 0.000061 -0.000003
3.760000 -0.001433 0.000097 0.000001
3.765000 -0.001467 0.000126 0.000006
3.770000 -0.001388 0.000145 0.000010
3.775000 -0.001203 0.000154 0.000013
3.780000 -0.000925 0.000150 0.000014
3.785000 -0.000577 0.000136 0.000015
3.790000 -0.000186 0.000111 0.000013
3.795000 0.000219 0.000078 0.000011
3.800000 0.000605 0.000039 0.000007
3.805000 0.000945 -0.000002 0.000002
3.810000 0.001210 -0.000043 -0.000003
3.815000 0.001382 -0.000081 -0.000008
3.820000 0.001446 -0.000112 -0.000013
3.825000 0.001398 -0.000135 -0.000016
3.830000 0.001240 -0.000147 -0.000019
3.835000 0.000986 -0.000149 -0.000020
3.840000 0.000656 -0.000139 -0.000019
3.845000 0.000275 -0.000119 -0.000017
3.850000 -0.000127 -0.000090 -0.000014
3.855000 -0.000518 -0.000055 -0.000009
3.860000 -0.000868 -0.000016 -0.000003
3.865000 -0.001149 0.000025 0.000003
3.870000 -0.001341 0.000063 0.000010
3.875000 -0.001429 0.000096 0.000016
3.880000 -0.001406 0.000122 0.000020
3.885000 -0.001275 0.000138 0.000023
3.890000 -0.001044 0.000144 0.000024
3.895000 -0.000732 0.000139 0.000023
3.900000 -0.000362 0.000124 0.000019
3.905000 0.000036 0.000099 0.000014
3.910000 0.000431 0.000068 0.000008
3.915000 0.000792 0.000031 0.000001
3.920000 0.001090 -0.000008 -0.000005
3.925000 0.001303 -0.000045 -0.000011
3.930000 0.001412 -0.000080 -0.000016
3.935000 0.001409 -0.000108 -0.000020
3.940000 0.001295 -0.000127 -0.000023
3.945000 0.001079 -0.000138 -0.000025
3.950000 0.000778 -0.000138 -0.000025
3.955000 0.000415 -0.000127 -0.000024
3.960000 0.000019 -0.000108 -0.000021
3.965000 -0.000381 -0.000080 -0.000018
3.970000 -0.000753 -0.000047 -0.000013
3.975000 -0.001069 -0.000010 -0.000008
3.980000 -0.001303 0.000027 -0.000002
3.985000 -0.001439 0.000062 0.000003
3.990000 -0.001464 0.000092 0.000008
3.995000 -0.001377 0.000116 0.000012
4.000000 -0.001185 0.000130 0.000016
4.005000 -0.000903 0.000135 0.000018
4.010000 -0.000553 0.000129 0.000019
4.015000 -0.000162 0.000114 0.000019
4.020000 0.000239 0.000090 0.000017
4.025000 0.000621 0.000060 0.000013
4.030000 0.000953 0.000026 0.000008
4.035000 0.001212 -0.000011 0.000003
4.040000 0.001377 -0.000047 -0.000004
4.045000 0.001436 -0.000078 -0.000010
4.050000 0.001384 -0.000104 -0.000015
4.055000 0.001226 -0.000122 -0.000019
4.060000 0.000974 -0.000131 -0.000021
4.065000 0.000647 -0.000130 -0.000021
4.070000 0.000270 -0.000119 -0.000020
4.075000 -0.000128 -0.000099 -0.000017
4.080000 -0.000514 -0.000072 -0.000013
4.085000 -0.000860 -0.000040 -0.000008
4.090000 -0.001137 -0.000004 -0.000002
4.095000 -0.001324 0.000031 0.000004
4.100000 -0.001407 0.000064 0.000010
4.105000 -0.001379 0.000092 0.000016
4.110000 -0.001243 0.000112 0.000021
4.115000 -0.001008 0.000125 0.000024
4.120000 -0.000692 0.000127 0.000027
4.125000 -0.000321 0.000120 0.000027
4.130000 0.000079 0.000104 0.000026
4.135000 0.000476 0.000081 0.000024
4.140000 0.000840 0.000051 0.000021
4.145000 0.001142 0.000018 0.000017
4.150000 0.001360 -0.000017 0.000012
4.155000 0.001475 -0.000050 0.000008
4.160000 0.001479 -0.000079 0.000004
4.165000 0.001370 -0.000102 0.000000
4.170000 0.001158 -0.000117 -0.000003
4.175000 0.000859 -0.000123 -0.000005
4.180000 0.000495 -0.000120 -0.000005
4.185000 0.000094 -0.000108 -0.000005
4.190000 -0.000313 -0.000088 -0.000004
4.195000 -0.000696 -0.000062 -0.000002
4.200000 -0.001026 -0.000031 0.000001
4.205000 -0.001278 0.000002 0.000003
4.210000 -0.001434 0.000035 0.000006
4.215000 -0.001481 0.000064 0.000007
4.220000 -0.001416 0.000089 0.000008
4.225000 -0.001245 0.000107 0.000008
4.230000 -0.000981 0.000117 0.000007
4.235000 -0.000644 0.000118 0.000005
4.240000 -0.000260 0.000110 0.000002
4.245000 0.000140 0.000094 -0.000001
4.250000 0.000526 0.000071 -0.000004
4.255000 0.000867 0.000043 -0.000008
4.260000 0.001139 0.000012 -0.000012
4.265000 0.001320 -0.000020 -0.000017
4.270000 0.001398 -0.000050 -0.000021
4.275000 0.001368 -0.000077 -0.000025
4.280000 0.001232 -0.000097 -0.000028
4.285000 0.001002 -0.000110 -0.000030
4.290000 0.000695 -0.000115 -0.000031
4.295000 0.000336 -0.000111 -0.000031
4.300000 -0.000048 -0.000099 -0.000029
4.305000 -0.000427 -0.000080 -0.000027
4.310000 -0.000771 -0.000055 -0.000023
4.315000 -0.001053 -0.000025 -0.000019
4.320000 -0.001252 0.000006 -0.000015
4.325000 -0.001353 0.000036 -0.000010
4.330000 -0.001348 0.000064 -0.000006
4.335000 -0.001237 0.000086 -0.000001
4.340000 -0.001030 0.000103 0.000003
4.345000 -0.000743 0.000111 0.000005
4.350000 -0.000398 0.000111 0.000007
4.355000 -0.000021 0.000102 0.000008
4.360000 0.000357 0.000086 0.000007
4.365000 0.000709 0.000064 0.000006
4.370000 0.001007 0.000037 0.000003
4.375000 0.001229 0.000007 0.000001
4.380000 0.001356 -0.000024 -0.000001
4.385000 0.001379 -0.000052 -0.000002
4.390000 0.001296 -0.000076 -0.000003
4.395000 0.001112 -0.000095 -0.000002
4.400000 0.000842 -0.000106 -0.000002
4.405000 0.000506 -0.000109 -0.000000
4.410000 0.000131 -0.000104 0.000001
4.415000 -0.000255 -0.000091 0.000003
4.420000 -0.000622 -0.000072 0.000005
4.425000 -0.000943 -0.000047 0.000007
4.430000 -0.001192 -0.000019 0.000009
4.435000 -0.001352 0.000011 0.000011
4.440000 -0.001410 0.000039 0.000012
4.445000 -0.001361 0.000065 0.000011
4.450000 -0.001211 0.000085 0.000010
4.455000 -0.000969 0.000099 0.000008
4.460000 -0.000655 0.000105 0.000005
4.465000 -0.000293 0.000103 0.000001
4.470000 0.000090 0.000094 -0.000003
4.475000 0.000464 0.000077 -0.000007
4.480000 0.000799 0.000055 -0.000011
4.485000 0.001071 0.000029 -0.000015
4.490000 0.001259 0.000001 -0.000018
4.495000 0.001349 -0.000027 -0.000020
4.500000 0.001334 -0.000053 -0.000022
4.505000 0.001216 -0.000075 -0.000023
4.510000 0.001005 -0.000091 -0.000022
4.515000 0.000718 -0.000100 -0.000021
4.520000 0.000377 -0.000102 -0.000018
4.525000 0.000007 -0.000096 -0.000014
4.530000 -0.000363 -0.000083 -0.000010
4.535000 -0.000705 -0.000064 -0.000005
4.540000 -0.000992 -0.000040 0.000001
4.545000 -0.001204 -0.000013 0.000006
4.550000 -0.001322 0.000014 0.000010
4.555000 -0.001340 0.000041 0.000014
4.560000 -0.001255 0.000064 0.000018
4.565000 -0.001074 0.000082 0.000020
4.570000 -0.000812 0.000094 0.000022
4.575000 -0.000490 0.000099 0.000022
4.580000 -0.000131 0.000096 0.000021
4.585000 0.000235 0.000087 0.000019
4.590000 0.000582 0.000070 0.000016
4.595000 0.000883 0.000049 0.000011
4.600000 0.001115 0.000024 0.000006
4.605000 0.001261 -0.000003 0.000001
4.610000 0.001310 -0.000029 -0.000005
4.615000 0.001258 -0.000053 -0.000009
4.620000 0.001110 -0.000073 -0.000013
4.625000 0.000878 -0.000088 -0.000015
4.630000 0.000578 -0.000096 -0.000017
4.635000 0.000235 -0.000096 -0.000017
4.640000 -0.000124 -0.000090 -0.000016
4.645000 -0.000473 -0.000076 -0.000015
4.650000 -0.000783 -0.000057 -0.000012
4.655000 -0.001031 -0.000034 -0.000009
4.660000 -0.001199 -0.000008 -0.000006
4.665000 -0.001273 0.000018 -0.000002
4.670000 -0.001248 0.000043 0.000001
4.675000 -0.001127 0.000064 0.000004
4.680000 -0.000920 0.000081 0.000007
4.685000 -0.000641 0.000091 0.000008
4.690000 -0.000312 0.000094 0.000008
4.695000 0.000041 0.000091 0.000007
4.700000 0.000391 0.000080 0.000005
4.705000 0.000711 0.000063 0.000003
4.710000 0.000976 0.000042 0.000001
4.715000 0.001166 0.000018 -0.000001
4.720000 0.001265 -0.000008 -0.000002
4.725000 0.001266 -0.000033 -0.000003
4.730000 0.001169 -0.000055 -0.000004
4.735000 0.000982 -0.000073 -0.000004
4.740000 0.000719 -0.000085 -0.000004
4.745000 0.000401 -0.000091 -0.000003
4.750000 0.000053 -0.000090 -0.000002
4.755000 -0.000300 -0.000082 -0.000001
4.760000 -0.000630 -0.000068 0.000000
4.765000 -0.000911 -0.000049 0.000002
4.770000 -0.001122 -0.000027 0.000003
4.775000 -0.001248 -0.000002 0.000004
4.780000 -0.001277 0.000022 0.000005
4.785000 -0.001209 0.000045 0.000006
4.790000 -0.001047 0.000064 0.000006
4.795000 -0.000805 0.000078 0.000006
4.800000 -0.000501 0.000086 0.000005
4.805000 -0.000158 0.000088 0.000004
4.810000 0.000196 0.000083 0.000003
4.815000 0.000536 0.000073 0.000002
4.820000 0.000834 0.000056 -0.000000
4.825000 0.001070 0.000036 -0.000003
4.830000 0.001224 0.000013 -0.000005
4.835000 0.001286 -0.000011 -0.000008
4.840000 0.001251 -0.000034 -0.000010
4.845000 0.001121 -0.000054 -0.000011
4.850000 0.000907 -0.000071 -0.000012
4.855000 0.000625 -0.000081 -0.000012
4.860000 0.000296 -0.000086 -0.000011
4.865000 -0.000056 -0.000084 -0.000009
4.870000 -0.000403 -0.000076 -0.000007
4.875000 -0.000719 -0.000062 -0.000004
4.880000 -0.000980 -0.000044 -0.000001
4.885000 -0.001167 -0.000022 0.000002
4.890000 -0.001264 0.000001 0.000005
4.895000 -0.001266 0.000024 0.000008
4.900000 -0.001172 0.000045 0.000010
4.905000 -0.000990 0.000063 0.000012
4.910000 -0.000734 0.000076 0.000013
4.915000 -0.000424 0.000083 0.000012
4.920000 -0.000082 0.000083 0.000011
4.925000 0.000265 0.000078 0.000008
4.930000 0.000591 0.000067 0.000005
4.935000 0.000871 0.000050 0.000002
4.940000 0.001084 0.000030 -0.000002
4.945000 0.001215 0.000008 -0.000005
4.950000 0.001253 -0.000015 -0.000008
4.955000 0.001195 -0.000036 -0.000010
4.960000 0.001047 -0.000055 -0.000012
4.965000 0.000820 -0.000069 -0.000013
4.970000 0.000532 -0.000079 -0.000013
4.975000 0.000205 -0.000082 -0.000012
4.980000 -0.000136 -0.000079 -0.000011
4.985000 -0.000464 -0.000070 -0.000009
4.990000 -0.000755 -0.000056 -0.000006
4.995000 -0.000988 -0.000037 -0.000003
5.000000 -0.001144 -0.000016 -0.000000
5.005000 -0.001212 0.000006 0.000002
5.010000 -0.001188 0.000027 0.000004
5.015000 -0.001073 0.000047 0.000006
5.020000 -0.000876 0.000062 0.000007
5.025000 -0.000613 0.000073 0.000007
5.030000 -0.000304 0.000079 0.000007
5.035000 0.000027 0.000078 0.000006
5.040000 0.000354 0.000071 0.000006
5.045000 0.000653 0.000060 0.000005
5.050000 0.000900 0.000043 0.000003
5.055000 0.001076 0.000024 0.000002
5.060000 0.001169 0.000003 0.000001
5.065000 0.001172 -0.000018 -0.000001
5.070000 0.001086 -0.000038 -0.000002
5.075000 0.000917 -0.000055 -0.000003
5.080000 0.000679 -0.000067 -0.000004
5.085000 0.000390 -0.000075 -0.000005
5.090000 0.000072 -0.000077 -0.000005
5.095000 -0.000249 -0.000073 -0.000005
5.100000 -0.000550 -0.000063 -0.000005
5.105000 -0.000808 -0.000049 -0.000004
5.110000 -0.001003 -0.000032 -0.000003
5.115000 -0.001120 -0.000012 -0.000002
5.120000 -0.001150 0.000009 -0.000001
5.125000 -0.001092 0.000029 0.000001
5.130000 -0.000951 0.000046 0.000003
5.135000 -0.000737 0.000061 0.000004
5.140000 -0.000469 0.000070 0.000006
5.145000 -0.000165 0.000074 0.000006
5.150000 0.000150 0.000073 0.000007
5.155000 0.000452 0.000066 0.000006
5.160000 0.000719 0.000054 0.000005
5.165000 0.000930 0.000038 0.000003
5.170000 0.001069 0.000019 0.000002
5.175000 0.001126 -0.000001 0.000000
5.180000 0.001096 -0.000021 -0.000001
5.185000 0.000981 -0.000039 -0.000002
5.190000 0.000791 -0.000054 -0.000002
5.195000 0.000539 -0.000066 -0.000002
5.200000 0.000247 -0.000072 -0.000001
5.205000 -0.000065 -0.000073 -0.000000
5.210000 -0.000371 -0.000068 0.000000
5.215000 -0.000648 -0.000058 0.000001
5.220000 -0.000875 -0.000044 0.000002
5.225000 -0.001035 -0.000027 0.000003
5.230000 -0.001115 -0.000008 0.000004
5.235000 -0.001109 0.000012 0.000004
5.240000 -0.001019 0.000031 0.000004
5.245000 -0.000850 0.000047 0.000003
5.250000 -0.000616 0.000060 0.000002
5.255000 -0.000335 0.000068 0.000001
5.260000 -0.000027 0.000071 -0.000001
5.265000 0.000283 0.000068 -0.000002
5.270000 0.000572 0.000061 -0.000004
5.275000 0.000818 0.000049 -0.000005
5.280000 0.001001 0.000033 -0.000007
5.285000 0.001109 0.000015 -0.000007
5.290000 0.001132 -0.000004 -0.000008
5.295000 0.001070 -0.000023 -0.000008
5.300000 0.000927 -0.000040 -0.000008
5.305000 0.000715 -0.000054 -0.000008
5.310000 0.000451 -0.000064 -0.000007
5.315000 0.000153 -0.000068 -0.000005
5.320000 -0.000155 -0.000068 -0.000004
5.325000 -0.000450 -0.000063 -0.000002
5.330000 -0.000709 -0.000052 -0.000001
5.335000 -0.000913 -0.000038 0.000001
5.340000 -0.001046 -0.000022 0.000001
5.345000 -0.001099 -0.000003 0.000002
5.350000 -0.001067 0.000015 0.000002
5.355000 -0.000954 0.000032 0.000001
5.360000 -0.000767 0.000047 0.000001
5.365000 -0.000523 0.000058 0.000000
5.370000 -0.000239 0.000065 -0.000000
5.375000 0.000062 0.000067 -0.000001
5.380000 0.000357 0.000064 -0.000002
5.385000 0.000624 0.000056 -0.000003
5.390000 0.000842 0.000044 -0.000004
5.395000 0.000996 0.000028 -0.000005
5.400000 0.001073 0.000011 -0.000006
5.405000 0.001069 -0.000007 -0.000007
5.410000 0.000983 -0.000024 -0.000007
5.415000 0.000822 -0.000040 -0.000007
5.420000 0.000598 -0.000052 -0.000006
5.425000 0.000329 -0.000061 -0.000005
5.430000 0.000034 -0.000065 -0.000004
5.435000 -0.000263 -0.000064 -0.000002
5.440000 -0.000540 -0.000058 0.000000
5.445000 -0.000777 -0.000048 0.000003
5.450000 -0.000954 -0.000034 0.000005
5.455000 -0.001060 -0.000018 0.000007
5.460000 -0.001086 -0.000000 0.000010
5.465000 -0.001031 0.000017 0.000011
5.470000 -0.000899 0.000033 0.000012
5.475000 -0.000700 0.000047 0.000012
5.480000 -0.000449 0.000057 0.000011
5.485000 -0.000165 0.000062 0.000009
5.490000 0.000130 0.000063 0.000006
5.495000 0.000414 0.000060 0.000003
5.500000 0.000665 0.000051 0.000001
5.505000 0.000865 0.000039 -0.000002
5.510000 0.000999 0.000024 -0.000004
5.515000 0.001056 0.000007 -0.000006
5.520000 0.001032 -0.000010 -0.000007
5.525000 0.000930 -0.000026 -0.000008
5.530000 0.000757 -0.000041 -0.000008
5.535000 0.000528 -0.000052 -0.000008
5.540000 0.000261 -0.000059 -0.000007
5.545000 -0.000026 -0.000062 -0.000006
5.550000 -0.000308 -0.000060 -0.000004
5.555000 -0.000566 -0.000054 -0.000002
5.560000 -0.000779 -0.000043 0.000000
5.565000 -0.000932 -0.000030 0.000003
5.570000 -0.001012 -0.000014 0.000004
5.575000 -0.001015 0.000003 0.000006
5.580000 -0.000941 0.000019 0.000007
5.585000 -0.000794 0.000034 0.000007
5.590000 -0.000587 0.000047 0.000007
5.595000 -0.000337 0.000055 0.000007
5.600000 -0.000061 0.000060 0.000006
5.605000 0.000217 0.000060 0.000005
5.610000 0.000478 0.000055 0.000004
5.615000 0.000700 0.000047 0.000002
5.620000 0.000868 0.000035 0.000001
5.625000 0.000969 0.000020 -0.000001
5.630000 0.000995 0.000004 -0.000003
5.635000 0.000945 -0.000012 -0.000004
5.640000 0.000822 -0.000028 -0.000005
5.645000 0.000636 -0.000041 -0.000005
5.650000 0.000402 -0.000051 -0.000006
5.655000 0.000137 -0.000057 -0.000005
5.660000 -0.000138 -0.000058 -0.000005
5.665000 -0.000403 -0.000056 -0.000004
5.670000 -0.000638 -0.000049 -0.000003
5.675000 -0.000824 -0.000039 -0.000002
5.680000 -0.000948 -0.000025 -0.000000
5.685000 -0.001001 -0.000010 0.000001
5.690000 -0.000979 0.000006 0.000003
5.695000 -0.000885 0.000021 0.000004
5.700000 -0.000727 0.000035 0.000006
5.705000 -0.000516 0.000046 0.000007
5.710000 -0.000270 0.000054 0.000007
5.715000 -0.000007 0.000057 0.000007
5.720000 0.000252 0.000057 0.000006
5.725000 0.000487 0.000052 0.000005
5.730000 0.000680 0.000043 0.000003
5.735000 0.000817 0.000031 0.000002
5.740000 0.000886 0.000017 -0.000000
5.745000 0.000881 0.000001 -0.000002
5.750000 0.000804 -0.000014 -0.000003
5.755000 0.000659 -0.000029 -0.000004
5.760000 0.000457 -0.000041 -0.000005
5.765000 0.000214 -0.000050 -0.000005
5.770000 -0.000052 -0.000055 -0.000005
5.775000 -0.000322 -0.000056 -0.000005
5.780000 -0.000575 -0.000053 -0.000004
5.785000 -0.000792 -0.000046 -0.000002
5.790000 -0.000958 -0.000035 -0.000000
5.795000 -0.001059 -0.000022 0.000001
5.800000 -0.001090 -0.000007 0.000003
5.805000 -0.001048 0.000008 0.000004
5.810000 -0.000936 0.000023 0.000004
5.815000 -0.000764 0.000036 0.000004
5.820000 -0.000545 0.000046 0.000004
5.825000 -0.000295 0.000052 0.000003
5.830000 -0.000035 0.000055 0.000003
5.835000 0.000215 0.000053 0.000002
5.840000 0.000437 0.000048 0.000001
5.845000 0.000613 0.000039 0.000001
5.850000 0.000730 0.000027 -0.000000
5.855000 0.000780 0.000013 -0.000001
5.860000 0.000759 -0.000002 -0.000001
5.865000 0.000670 -0.000017 -0.000002
5.870000 0.000520 -0.000030 -0.000003
5.875000 0.000321 -0.000041 -0.000003
5.880000 0.000090 -0.000049 -0.000003
5.885000 -0.000156 -0.000053 -0.000003
5.890000 -0.000396 -0.000053 -0.000003
5.895000 -0.000612 -0.000049 -0.000003
5.900000 -0.000785 -0.000041 -0.000003
5.905000 -0.000901 -0.000031 -0.000002
5.910000 -0.000951 -0.000018 -0.000002
5.915000 -0.000929 -0.000003 -0.000002
5.920000 -0.000835 0.000011 -0.000002
5.925000 -0.000676 0.000025 -0.000001
5.930000 -0.000462 0.000036 -0.000001
5.935000 -0.000207 0.000045 -0.000001
5.940000 0.000069 0.000051 -0.000001
5.945000 0.000348 0.000052 -0.000001
5.950000 0.000611 0.000050 -0.000001
5.955000 0.000840 0.000044 -0.000002
5.960000 0.001018 0.000035 -0.000003
5.965000 0.001135 0.000023 -0.000004
5.970000 0.001182 0.000009 -0.000004
5.975000 0.001159 -0.000005 -0.000005
5.980000 0.001067 -0.000019 -0.000006
5.985000 0.000917 -0.000031 -0.000006
5.990000 0.000719 -0.000041 -0.000007
5.995000 0.000491 -0.000048 -0.000007
