0.000000 0.000000 0.000000 0.000000
0.005000 0.000000 0.000000 0.000000
0.010000 0.000000 0.000000 0.000000
0.015000 0.000000 0.000000 0.000000
0.020000 0.000000 0.000000 0.000000
0.025000 0.000000 0.000000 0.000000
0.030000 0.000000 0.000000 0.000000
0.035000 0.000000 0.000000 0.000000
0.040000 -0.000000 0.000000 -0.000000
0.045000 -0.000000 0.000000 -0.000000
0.050000 -0.000000 0.000000 -0.000000
0.055000 -0.000000 0.000000 -0.000000
0.060000 -0.000000 0.000000 -0.000000
0.065000 -0.000000 0.000000 -0.000000
0.070000 -0.000000 0.000000 -0.000000
0.075000 -0.000000 0.000000 -0.000000
0.080000 -0.000000 0.000000 -0.000000
0.085000 -0.000000 0.000000 -0.000000
0.090000 -0.000000 0.000000 -0.000000
0.095000 -0.000000 0.000000 -0.000000
0.100000 -0.000000 0.000000 -0.000000
0.105000 -0.000000 0.000000 -0.000000
0.110000 -0.000000 0.000000 -0.000000
0.115000 -0.000000 0.000000 -0.000000
0.120000 -0.000000 0.000000 -0.000000
0.125000 -0.000000 0.000000 -0.000000
0.130000 -0.000000 0.000000 -0.000000
0.135000 -0.000000 0.000000 -0.000000
0.140000 -0.000000 0.000000 -0.000000
0.145000 0.000000 0.000000 0.000000
0.150000 0.000000 0.000000 0.000000
0.155000 0.000000 0.000000 0.000000
0.160000 0.000000 0.000000 0.000000
0.165000 -0.000000 0.000000 0.000000
0.170000 -0.000000 0.000000 0.000000
0.175000 -0.000000 0.000000 -0.000000
0.180000 -0.000000 0.000000 -0.000000
0.185000 -0.000000 0.000000 -0.000000
0.190000 0.000000 0.000000 -0.000000
0.195000 0.000000 0.000000 -0.000000
0.200000 0.000000 0.000000 0.000000
0.205000 0.000000 0.000000 0.000000
0.210000 -0.000000 0.000000 0.000000
0.215000 -0.000000 0.000000 0.000000
0.220000 -0.000000 0.000000 0.000000
0.225000 -0.000000 0.000000 -0.000000
0.230000 0.000000 0.000000 -0.000000
0.235000 0.000000 0.000000 -0.000000
0.240000 0.000000 0.000000 -0.000000
0.245000 0.000000 0.000000 -0.000000
0.250000 0.000000 0.000000 0.000000
0.255000 -0.000000 0.000000 0.000000
0.260000 -0.000000 0.000000 0.000000
0.265000 -0.000000 0.000000 0.000000
0.270000 -0.000000 0.000000 0.000000
0.275000 -0.000000 0.000000 -0.000000
0.280000 0.000000 0.000000 -0.000000
0.285000 0.000000 0.000000 -0.000000
0.290000 0.000000 0.000000 -0.000000
0.295000 0.000000 0.000000 0.000000
0.300000 0.000000 0.000000 0.000000
0.305000 -0.000000 0.000000 0.000000
0.310000 -0.000000 0.000000 0.000000
0.315000 -0.000000 0.000000 -0.000000
0.320000 -0.000000 0.000000 -0.000000
0.325000 -0.000000 0.000000 -0.000000
0.330000 0.000000 0.000000 -0.000000
0.335000 0.000000 0.000000 0.000000
0.340000 0.000000 0.000000 0.000000
0.345000 0.000000 0.000000 0.000000
0.350000 -0.000000 0.000000 0.000000
0.355000 -0.000000 -0.000000 0.000000
0.360000 -0.000000 -0.000000 -0.000000
0.365000 0.000000 0.000000 -0.000000
0.370000 0.000000 0.000000 -0.000000
0.375000 0.000000 0.000000 -0.000000
0.380000 0.000000 0.000000 0.000000
0.385000 0.000000 0.000000 0.000000
0.390000 -0.000000 -0.000000 -0.000000
0.395000 -0.000000 -0.000000 -0.000000
0.400000 -0.000000 -0.000000 -0.000000
0.405000 -0.000000 -0.000000 -0.000000
0.410000 -0.000000 -0.000000 -0.000000
0.415000 0.000000 0.000000 0.000000
0.420000 0.000000 0.000000 0.000000
0.425000 0.000000 0.000000 0.000000
0.430000 0.000000 0.000000 0.000000
0.435000 0.000000 0.000000 0.000000
0.440000 0.000000 0.000000 0.000000
0.445000 -0.000000 -0.000000 -0.000000
0.450000 -0.000001 -0.000000 -0.000001
0.455000 -0.000003 -0.000000 -0.000002
0.460000 -0.000005 -0.000000 -0.000003
0.465000 -0.000005 -0.000000 -0.000003
0.470000 -0.000003 -0.000000 -0.000001
0.475000 0.000003 0.000000 0.000003
0.480000 0.000016 0.000000 0.000011
0.485000 0.000036 0.000000 0.000022
0.490000 0.000059 0.000000 0.000036
0.495000 0.000078 0.000000 0.000046
0.500000 0.000076 0.000000 0.000042
0.505000 0.000033 0.000000 0.000013
0.510000 -0.000078 -0.000000 -0.000058
0.515000 -0.000279 0.000000 -0.000183
0.520000 -0.000576 -0.000000 -0.000364
0.525000 -0.000943 -0.000000 -0.000584
0.530000 -0.001305 -0.000000 -0.000795
0.535000 -0.001519 -0.000000 -0.000910
0.540000 -0.001365 -0.000000 -0.000797
0.545000 -0.000553 -0.000000 -0.000281
0.550000 0.001264 -0.000000 0.000845
0.555000 0.004444 -0.000000 0.002794
0.560000 0.009305 -0.000000 0.005758
0.565000 0.016057 -0.000000 0.009868
0.570000 0.024740 -0.000000 0.015158
0.575000 0.035178 -0.000000 0.021542
0.580000 0.046958 0.000000 0.028797
0.585000 0.059455 0.000000 0.036578
0.590000 0.071891 0.000000 0.044445
0.595000 0.083426 0.000000 0.051914
0.600000 0.093274 0.000000 0.058515
0.605000 0.100799 0.000000 0.063845
0.610000 0.105602 0.000000 0.067616
0.615000 0.107547 0.000000 0.069677
0.620000 0.106746 -0.000000 0.070010
0.625000 0.103495 -0.000000 0.068710
0.630000 0.098186 -0.000000 0.065943
0.635000 0.091212 -0.000000 0.061904
0.640000 0.082894 -0.000000 0.056786
0.645000 0.073453 -0.000000 0.050760
0.650000 0.063020 -0.000000 0.043974
0.655000 0.051688 0.000000 0.036571
0.660000 0.039580 0.000000 0.028710
0.665000 0.026904 0.000000 0.020583
0.670000 0.013988 0.000000 0.012427
0.675000 0.001267 0.000000 0.004511
0.680000 -0.010767 0.000000 -0.002882
0.685000 -0.021633 0.000000 -0.009487
0.690000 -0.030936 -0.000000 -0.015089
0.695000 -0.038411 -0.000000 -0.019536
0.700000 -0.043935 -0.000000 -0.022746
0.705000 -0.047496 -0.000001 -0.024693
0.710000 -0.049144 -0.000001 -0.025389
0.715000 -0.048936 -0.000001 -0.024860
0.720000 -0.046896 -0.000001 -0.023138
0.725000 -0.043027 -0.000001 -0.020263
0.730000 -0.037344 0.000000 -0.016295
0.735000 -0.029943 0.000002 -0.011350
0.740000 -0.021073 0.000004 -0.005615
0.745000 -0.011170 0.000008 0.000630
0.750000 -0.000861 0.000012 0.007023
0.755000 0.009102 0.000018 0.013150
0.760000 0.017944 0.000026 0.018590
0.765000 0.024993 0.000034 0.022978
0.770000 0.029802 0.000043 0.026060
0.775000 0.032228 0.000053 0.027730
0.780000 0.032447 0.000062 0.028052
0.785000 0.030916 0.000071 0.027238
0.790000 0.028268 0.000079 0.025615
0.795000 0.025188 0.000085 0.023560
0.800000 0.022282 0.000088 0.021442
0.805000 0.019977 0.000089 0.019565
0.810000 0.018471 0.000087 0.018127
0.815000 0.017741 0.000082 0.017214
0.820000 0.017591 0.000076 0.016805
0.825000 0.017749 0.000067 0.016814
0.830000 0.017958 0.000058 0.017124
0.835000 0.018057 0.000048 0.017635
0.840000 0.018029 0.000038 0.018291
0.845000 0.018000 0.000029 0.019088
0.850000 0.018200 0.000021 0.020068
0.855000 0.018892 0.000013 0.021296
0.860000 0.020300 0.000007 0.022826
0.865000 0.022547 0.000001 0.024680
0.870000 0.025630 -0.000005 0.026829
0.875000 0.029427 -0.000010 0.029206
0.880000 0.033749 -0.000015 0.031716
0.885000 0.038398 -0.000020 0.034267
0.890000 0.043232 -0.000025 0.036793
0.895000 0.048192 -0.000028 0.039269
0.900000 0.053304 -0.000030 0.041700
0.905000 0.058631 -0.000031 0.044107
0.910000 0.064210 -0.000029 0.046490
0.915000 0.069978 -0.000025 0.048793
0.920000 0.075730 -0.000019 0.050885
0.925000 0.081111 -0.000011 0.052543
0.930000 0.085651 -0.000002 0.053476
0.935000 0.088839 0.000007 0.053340
0.940000 0.090207 0.000015 0.051784
0.945000 0.089404 0.000022 0.048482
0.950000 0.086238 0.000027 0.043162
0.955000 0.080678 0.000031 0.035624
0.960000 0.072817 0.000031 0.025744
0.965000 0.062817 0.000030 0.013475
0.970000 0.050861 0.000028 -0.001153
0.975000 0.037118 0.000024 -0.018034
0.980000 0.021747 0.000020 -0.036977
0.985000 0.004922 0.000017 -0.057690
0.990000 -0.013116 0.000014 -0.079766
0.995000 -0.032025 0.000013 -0.102677
1.000000 -0.051333 0.000013 -0.125776
1.005000 -0.070455 0.000013 -0.148312
1.010000 -0.088730 0.000015 -0.169466
1.015000 -0.105487 0.000017 -0.188387
1.020000 -0.120108 0.000019 -0.204253
1.025000 -0.132092 0.000021 -0.216314
1.030000 -0.141088 0.000022 -0.223949
1.035000 -0.146905 0.000023 -0.226701
1.040000 -0.149506 0.000023 -0.224309
1.045000 -0.148975 0.000023 -0.216726
1.050000 -0.145497 0.000023 -0.204117
1.055000 -0.139327 0.000023 -0.186860
1.060000 -0.130776 0.000023 -0.165517
1.065000 -0.120203 0.000023 -0.140815
1.070000 -0.108010 0.000024 -0.113603
1.075000 -0.094636 0.000025 -0.084817
1.080000 -0.080551 0.000027 -0.055432
1.085000 -0.066243 0.000029 -0.026425
1.090000 -0.052197 0.000031 0.001276
1.095000 -0.038870 0.000033 0.026827
1.100000 -0.026676 0.000035 0.049507
1.105000 -0.015953 0.000038 0.068744
1.110000 -0.006954 0.000040 0.084140
1.115000 0.000172 0.000042 0.095482
1.120000 0.005386 0.000045 0.102740
1.125000 0.008752 0.000048 0.106061
1.130000 0.010431 0.000051 0.105746
1.135000 0.010659 0.000054 0.102223
1.140000 0.009722 0.000058 0.096012
1.145000 0.007930 0.000061 0.087687
1.150000 0.005584 0.000065 0.077843
1.155000 0.002962 0.000069 0.067058
1.160000 0.000304 0.000073 0.055876
1.165000 -0.002196 0.000076 0.044781
1.170000 -0.004380 0.000079 0.034187
1.175000 -0.006124 0.000081 0.024438
1.180000 -0.007330 0.000082 0.015801
1.185000 -0.007925 0.000083 0.008472
1.190000 -0.007865 0.000082 0.002576
1.195000 -0.007141 0.000080 -0.001830
1.200000 -0.005790 0.000077 -0.004756
1.205000 -0.003899 0.000073 -0.006276
1.210000 -0.001606 0.000068 -0.006529
1.215000 0.000910 0.000063 -0.005709
1.220000 0.003451 0.000056 -0.004056
1.225000 0.005815 0.000048 -0.001841
1.230000 0.007828 0.000039 0.000649
1.235000 0.009358 0.000029 0.003136
1.240000 0.010330 0.000016 0.005364
1.245000 0.010724 0.000001 0.007124
1.250000 0.010575 -0.000017 0.008265
1.255000 0.009958 -0.000040 0.008700
1.260000 0.008977 -0.000068 0.008418
1.265000 0.007746 -0.000103 0.007472
1.270000 0.006384 -0.000144 0.005978
1.275000 0.005001 -0.000194 0.004100
1.280000 0.003699 -0.000252 0.002034
1.285000 0.002558 -0.000318 -0.000008
1.290000 0.001643 -0.000393 -0.001821
1.295000 0.000994 -0.000477 -0.003228
1.300000 0.000628 -0.000567 -0.004088
1.305000 0.000539 -0.000664 -0.004321
1.310000 0.000698 -0.000764 -0.003907
1.315000 0.001056 -0.000866 -0.002890
1.320000 0.001552 -0.000966 -0.001376
1.325000 0.002115 -0.001060 0.000483
1.330000 0.002672 -0.001146 0.002501
1.335000 0.003154 -0.001217 0.004478
1.340000 0.003501 -0.001272 0.006224
1.345000 0.003666 -0.001304 0.007572
1.350000 0.003624 -0.001311 0.008404
1.355000 0.003374 -0.001289 0.008654
1.360000 0.002938 -0.001235 0.008324
1.365000 0.002367 -0.001149 0.007475
1.370000 0.001727 -0.001028 0.006224
1.375000 0.001097 -0.000875 0.004728
1.380000 0.000556 -0.000691 0.003168
1.385000 0.000169 -0.000479 0.001723
1.390000 -0.000025 -0.000244 0.000551
1.395000 -0.000016 0.000008 -0.000230
1.400000 0.000175 0.000269 -0.000554
1.405000 0.000501 0.000533 -0.000413
1.410000 0.000898 0.000791 0.000141
1.415000 0.001296 0.001034 0.001011
1.420000 0.001634 0.001254 0.002068
1.425000 0.001865 0.001441 0.003167
1.430000 0.001963 0.001590 0.004166
1.435000 0.001921 0.001694 0.004946
1.440000 0.001753 0.001749 0.005422
1.445000 0.001485 0.001752 0.005550
1.450000 0.001151 0.001703 0.005333
1.455000 0.000789 0.001604 0.004812
1.460000 0.000436 0.001458 0.004065
1.465000 0.000123 0.001272 0.003187
1.470000 -0.000122 0.001053 0.002287
1.475000 -0.000282 0.000811 0.001467
1.480000 -0.000348 0.000556 0.000812
1.485000 -0.000320 0.000299 0.000384
1.490000 -0.000211 0.000051 0.000213
1.495000 -0.000040 -0.000179 0.000295
1.500000 0.000167 -0.000380 0.000598
1.505000 0.000384 -0.000545 0.001065
1.510000 0.000583 -0.000668 0.001624
1.515000 0.000741 -0.000745 0.002197
1.520000 0.000840 -0.000775 0.002711
1.525000 0.000868 -0.000758 0.003104
1.530000 0.000820 -0.000698 0.003334
1.535000 0.000696 -0.000601 0.003381
1.540000 0.000507 -0.000473 0.003248
1.545000 0.000266 -0.000322 0.002959
1.550000 -0.000005 -0.000159 0.002553
1.555000 -0.000280 0.000006 0.002084
1.560000 -0.000530 0.000165 0.001607
1.565000 -0.000728 0.000307 0.001176
1.570000 -0.000852 0.000424 0.000836
1.575000 -0.000891 0.000511 0.000619
1.580000 -0.000844 0.000562 0.000540
1.585000 -0.000722 0.000576 0.000593
1.590000 -0.000548 0.000553 0.000760
1.595000 -0.000347 0.000495 0.001007
1.600000 -0.000149 0.000406 0.001291
1.605000 0.000024 0.000294 0.001570
1.610000 0.000156 0.000166 0.001806
1.615000 0.000240 0.000031 0.001966
1.620000 0.000279 -0.000103 0.002035
1.625000 0.000279 -0.000226 0.002007
1.630000 0.000250 -0.000332 0.001891
1.635000 0.000201 -0.000412 0.001704
1.640000 0.000140 -0.000464 0.001471
1.645000 0.000071 -0.000482 0.001221
1.650000 -0.000006 -0.000468 0.000980
1.655000 -0.000090 -0.000423 0.000772
1.660000 -0.000183 -0.000350 0.000612
1.665000 -0.000285 -0.000254 0.000512
1.670000 -0.000395 -0.000143 0.000474
1.675000 -0.000510 -0.000023 0.000494
1.680000 -0.000624 0.000096 0.000561
1.685000 -0.000732 0.000208 0.000662
1.690000 -0.000820 0.000304 0.000782
1.695000 -0.000880 0.000378 0.000905
1.700000 -0.000897 0.000425 0.001019
1.705000 -0.000864 0.000443 0.001111
1.710000 -0.000774 0.000430 0.001176
1.715000 -0.000628 0.000388 0.001208
1.720000 -0.000435 0.000319 0.001205
1.725000 -0.000209 0.000230 0.001169
1.730000 0.000028 0.000125 0.001103
1.735000 0.000253 0.000013 0.001010
1.740000 0.000443 -0.000098 0.000896
1.745000 0.000579 -0.000202 0.000767
1.750000 0.000647 -0.000291 0.000633
1.755000 0.000639 -0.000358 0.000503
1.760000 0.000555 -0.000400 0.000386
1.765000 0.000399 -0.000413 0.000292
1.770000 0.000182 -0.000398 0.000228
1.775000 -0.000082 -0.000355 0.000199
1.780000 -0.000376 -0.000288 0.000207
1.785000 -0.000677 -0.000201 0.000250
1.790000 -0.000963 -0.000101 0.000320
1.795000 -0.001207 0.000005 0.000411
1.800000 -0.001386 0.000111 0.000511
1.805000 -0.001479 0.000207 0.000612
1.810000 -0.001472 0.000288 0.000702
1.815000 -0.001358 0.000348 0.000774
1.820000 -0.001142 0.000383 0.000822
1.825000 -0.000840 0.000391 0.000840
1.830000 -0.000475 0.000370 0.000826
1.835000 -0.000081 0.000322 0.000782
1.840000 0.000309 0.000251 0.000710
1.845000 0.000660 0.000162 0.000616
1.850000 0.000937 0.000062 0.000506
1.855000 0.001117 -0.000044 0.000389
1.860000 0.001180 -0.000146 0.000274
1.865000 0.001118 -0.000238 0.000169
1.870000 0.000935 -0.000313 0.000083
1.875000 0.000645 -0.000366 0.000020
1.880000 0.000273 -0.000392 -0.000013
1.885000 -0.000150 -0.000390 -0.000016
1.890000 -0.000585 -0.000360 0.000012
1.895000 -0.000993 -0.000304 0.000068
1.900000 -0.001338 -0.000225 0.000147
1.905000 -0.001589 -0.000130 0.000243
1.910000 -0.001725 -0.000025 0.000346
1.915000 -0.001736 0.000082 0.000448
1.920000 -0.001621 0.000185 0.000537
1.925000 -0.001392 0.000274 0.000604
1.930000 -0.001067 0.000345 0.000642
1.935000 -0.000671 0.000393 0.000645
1.940000 -0.000234 0.000413 0.000613
1.945000 0.000210 0.000405 0.000549
1.950000 0.000630 0.000369 0.000458
1.955000 0.000991 0.000308 0.000350
1.960000 0.001266 0.000227 0.000235
1.965000 0.001428 0.000130 0.000123
1.970000 0.001463 0.000025 0.000025
1.975000 0.001365 -0.000080 -0.000051
1.980000 0.001136 -0.000179 -0.000101
1.985000 0.000795 -0.000265 -0.000121
1.990000 0.000367 -0.000330 -0.000112
1.995000 -0.000114 -0.000372 -0.000078
2.000000 -0.000608 -0.000387 -0.000021
2.005000 -0.001073 -0.000374 0.000051
2.010000 -0.001471 -0.000335 0.000131
2.015000 -0.001767 -0.000273 0.000212
2.020000 -0.001936 -0.000192 0.000287
2.025000 -0.001961 -0.000099 0.000350
2.030000 -0.001840 -0.000000 0.000396
2.035000 -0.001582 0.000097 0.000422
2.040000 -0.001206 0.000184 0.000428
2.045000 -0.000744 0.000257 0.000413
2.050000 -0.000234 0.000309 0.000379
2.055000 0.000279 0.000336 0.000329
2.060000 0.000752 0.000337 0.000267
2.065000 0.001146 0.000313 0.000197
2.070000 0.001427 0.000264 0.000125
2.075000 0.001574 0.000196 0.000055
2.080000 0.001574 0.000112 -0.000008
2.085000 0.001431 0.000019 -0.000058
2.090000 0.001156 -0.000075 -0.000092
2.095000 0.000772 -0.000164 -0.000107
2.100000 0.000311 -0.000242 -0.000102
2.105000 -0.000189 -0.000302 -0.000080
2.110000 -0.000689 -0.000340 -0.000041
2.115000 -0.001147 -0.000353 0.000008
2.120000 -0.001524 -0.000341 0.000063
2.125000 -0.001786 -0.000302 0.000120
2.130000 -0.001912 -0.000242 0.000173
2.135000 -0.001887 -0.000162 0.000218
2.140000 -0.001713 -0.000070 0.000252
2.145000 -0.001404 0.000028 0.000274
2.150000 -0.000987 0.000126 0.000281
2.155000 -0.000498 0.000216 0.000274
2.160000 0.000022 0.000291 0.000253
2.165000 0.000528 0.000347 0.000220
2.170000 0.000976 0.000378 0.000177
2.175000 0.001330 0.000383 0.000127
2.180000 0.001562 0.000361 0.000073
2.185000 0.001653 0.000314 0.000020
2.190000 0.001596 0.000244 -0.000028
2.195000 0.001399 0.000157 -0.000067
2.200000 0.001078 0.000057 -0.000096
2.205000 0.000660 -0.000046 -0.000111
2.210000 0.000181 -0.000148 -0.000111
2.215000 -0.000318 -0.000239 -0.000098
2.220000 -0.000796 -0.000313 -0.000071
2.225000 -0.001214 -0.000366 -0.000034
2.230000 -0.001538 -0.000393 0.000012
2.235000 -0.001742 -0.000392 0.000062
2.240000 -0.001814 -0.000364 0.000112
2.245000 -0.001748 -0.000309 0.000158
2.250000 -0.001553 -0.000234 0.000195
2.255000 -0.001246 -0.000142 0.000220
2.260000 -0.000853 -0.000040 0.000230
2.265000 -0.000405 0.000064 0.000224
2.270000 0.000061 0.000164 0.000203
2.275000 0.000511 0.000251 0.000168
2.280000 0.000908 0.000320 0.000123
2.285000 0.001222 0.000365 0.000073
2.290000 0.001429 0.000385 0.000023
2.295000 0.001511 0.000376 -0.000024
2.300000 0.001463 0.000340 -0.000063
2.305000 0.001289 0.000280 -0.000091
2.310000 0.001003 0.000199 -0.000108
2.315000 0.000630 0.000104 -0.000111
2.320000 0.000200 0.000002 -0.000102
2.325000 -0.000251 -0.000099 -0.000082
2.330000 -0.000685 -0.000193 -0.000053
2.335000 -0.001066 -0.000273 -0.000018
2.340000 -0.001364 -0.000332 0.000019
2.345000 -0.001554 -0.000367 0.000057
2.350000 -0.001621 -0.000374 0.000091
2.355000 -0.001562 -0.000355 0.000119
2.360000 -0.001380 -0.000309 0.000139
2.365000 -0.001093 -0.000242 0.000150
2.370000 -0.000726 -0.000157 0.000151
2.375000 -0.000309 -0.000061 0.000142
2.380000 0.000120 0.000038 0.000124
2.385000 0.000526 0.000134 0.000099
2.390000 0.000876 0.000219 0.000069
2.395000 0.001141 0.000287 0.000035
2.400000 0.001302 0.000334 0.000001
2.405000 0.001347 0.000357 -0.000029
2.410000 0.001275 0.000353 -0.000055
2.415000 0.001094 0.000323 -0.000072
2.420000 0.000819 0.000271 -0.000080
2.425000 0.000475 0.000198 -0.000079
2.430000 0.000089 0.000112 -0.000068
2.435000 -0.000306 0.000018 -0.000050
2.440000 -0.000680 -0.000077 -0.000027
2.445000 -0.000999 -0.000166 -0.000002
2.450000 -0.001239 -0.000243 0.000023
2.455000 -0.001378 -0.000302 0.000046
2.460000 -0.001405 -0.000338 0.000064
2.465000 -0.001318 -0.000350 0.000078
2.470000 -0.001126 -0.000337 0.000086
2.475000 -0.000846 -0.000299 0.000089
2.480000 -0.000503 -0.000240 0.000087
2.485000 -0.000129 -0.000164 0.000081
2.490000 0.000245 -0.000076 0.000070
2.495000 0.000585 0.000017 0.000056
2.500000 0.000865 0.000108 0.000039
2.505000 0.001061 0.000191 0.000021
2.510000 0.001160 0.000260 0.000002
2.515000 0.001154 0.000309 -0.000017
2.520000 0.001047 0.000336 -0.000033
2.525000 0.000848 0.000339 -0.000047
2.530000 0.000578 0.000317 -0.000056
2.535000 0.000259 0.000271 -0.000060
2.540000 -0.000081 0.000206 -0.000058
2.545000 -0.000412 0.000126 -0.000051
2.550000 -0.000707 0.000037 -0.000039
2.555000 -0.000943 -0.000054 -0.000022
2.560000 -0.001101 -0.000142 -0.000003
2.565000 -0.001169 -0.000219 0.000018
2.570000 -0.001144 -0.000280 0.000039
2.575000 -0.001029 -0.000321 0.000057
2.580000 -0.000836 -0.000338 0.000070
2.585000 -0.000581 -0.000331 0.000077
2.590000 -0.000285 -0.000299 0.000077
2.595000 0.000027 -0.000246 0.000070
2.600000 0.000331 -0.000175 0.000057
2.605000 0.000600 -0.000091 0.000040
2.610000 0.000814 -0.000001 0.000019
2.615000 0.000955 0.000089 -0.000002
2.620000 0.001009 0.000173 -0.000022
2.625000 0.000974 0.000243 -0.000039
2.630000 0.000852 0.000295 -0.000052
2.635000 0.000654 0.000326 -0.000060
2.640000 0.000398 0.000332 -0.000062
2.645000 0.000106 0.000314 -0.000059
2.650000 -0.000197 0.000272 -0.000051
2.655000 -0.000485 0.000211 -0.000038
2.660000 -0.000733 0.000134 -0.000022
2.665000 -0.000921 0.000048 -0.000004
2.670000 -0.001034 -0.000041 0.000013
2.675000 -0.001062 -0.000128 0.000029
2.680000 -0.001003 -0.000204 0.000042
2.685000 -0.000861 -0.000265 0.000051
2.690000 -0.000650 -0.000307 0.000055
2.695000 -0.000387 -0.000325 0.000054
2.700000 -0.000095 -0.000320 0.000049
2.705000 0.000200 -0.000292 0.000039
2.710000 0.000474 -0.000242 0.000027
2.715000 0.000703 -0.000175 0.000013
2.720000 0.000866 -0.000095 -0.000002
2.725000 0.000951 -0.000009 -0.000016
2.730000 0.000950 0.000077 -0.000028
2.735000 0.000864 0.000156 -0.000037
2.740000 0.000702 0.000224 -0.000042
2.745000 0.000477 0.000275 -0.000043
2.750000 0.000208 0.000306 -0.000040
2.755000 -0.000082 0.000314 -0.000032
2.760000 -0.000368 0.000299 -0.000022
2.765000 -0.000626 0.000262 -0.000010
2.770000 -0.000835 0.000207 0.000003
2.775000 -0.000975 0.000136 0.000014
2.780000 -0.001034 0.000056 0.000023
2.785000 -0.001008 -0.000028 0.000030
2.790000 -0.000897 -0.000109 0.000034
2.795000 -0.000711 -0.000183 0.000035
2.800000 -0.000467 -0.000242 0.000033
2.805000 -0.000185 -0.000284 0.000029
2.810000 0.000110 -0.000305 0.000024
2.815000 0.000393 -0.000303 0.000017
2.820000 0.000639 -0.000280 0.000010
2.825000 0.000828 -0.000236 0.000002
2.830000 0.000944 -0.000175 -0.000006
2.835000 0.000977 -0.000102 -0.000014
2.840000 0.000924 -0.000022 -0.000021
2.845000 0.000790 0.000060 -0.000026
2.850000 0.000586 0.000137 -0.000030
2.855000 0.000330 0.000203 -0.000033
2.860000 0.000042 0.000254 -0.000033
2.865000 -0.000253 0.000287 -0.000032
2.870000 -0.000529 0.000298 -0.000028
2.875000 -0.000763 0.000287 -0.000022
2.880000 -0.000936 0.000255 -0.000014
2.885000 -0.001033 0.000205 -0.000004
2.890000 -0.001046 0.000140 0.000006
2.895000 -0.000975 0.000064 0.000017
2.900000 -0.000826 -0.000016 0.000026
2.905000 -0.000611 -0.000094 0.000033
2.910000 -0.000348 -0.000165 0.000037
2.915000 -0.000058 -0.000224 0.000037
2.920000 0.000236 -0.000266 0.000032
2.925000 0.000511 -0.000289 0.000024
2.930000 0.000744 -0.000290 0.000013
2.935000 0.000916 -0.000270 0.000000
2.940000 0.001012 -0.000230 -0.000013
2.945000 0.001023 -0.000173 -0.000025
2.950000 0.000947 -0.000104 -0.000035
2.955000 0.000790 -0.000027 -0.000043
2.960000 0.000562 0.000051 -0.000046
2.965000 0.000283 0.000125 -0.000046
2.970000 -0.000025 0.000189 -0.000043
2.975000 -0.000337 0.000238 -0.000036
2.980000 -0.000626 0.000270 -0.000026
2.985000 -0.000869 0.000282 -0.000015
2.990000 -0.001045 0.000273 -0.000003
2.995000 -0.001140 0.000243 0.000009
3.000000 -0.001143 0.000196 0.000019
3.005000 -0.001055 0.000135 0.000027
3.010000 -0.000880 0.000064 0.000031
3.015000 -0.000633 -0.000011 0.000033
3.020000 -0.000332 -0.000085 0.000032
3.025000 -0.000002 -0.000152 0.000027
3.030000 0.000329 -0.000207 0.000021
3.035000 0.000636 -0.000247 0.000013
3.040000 0.000891 -0.000269 0.000004
3.045000 0.001074 -0.000270 -0.000006
3.050000 0.001170 -0.000252 -0.000015
3.055000 0.001170 -0.000216 -0.000023
3.060000 0.001075 -0.000164 -0.000028
3.065000 0.000893 -0.000101 -0.000031
3.070000 0.000637 -0.000030 -0.000031
3.075000 0.000330 0.000042 -0.000027
3.080000 -0.000005 0.000111 -0.000020
3.085000 -0.000342 0.000171 -0.000011
3.090000 -0.000652 0.000218 0.000000
3.095000 -0.000910 0.000249 0.000012
3.100000 -0.001094 0.000261 0.000023
3.105000 -0.001188 0.000255 0.000033
3.110000 -0.001183 0.000229 0.000041
3.115000 -0.001078 0.000187 0.000046
3.120000 -0.000881 0.000131 0.000049
3.125000 -0.000606 0.000066 0.000050
3.130000 -0.000276 -0.000003 0.000049
3.135000 0.000082 -0.000072 0.000046
3.140000 0.000440 -0.000136 0.000041
3.145000 0.000769 -0.000189 0.000035
3.150000 0.001041 -0.000228 0.000028
3.155000 0.001235 -0.000250 0.000020
3.160000 0.001335 -0.000254 0.000012
3.165000 0.001332 -0.000239 0.000004
3.170000 0.001225 -0.000206 -0.000003
3.175000 0.001023 -0.000159 -0.000010
3.180000 0.000739 -0.000100 -0.000015
3.185000 0.000397 -0.000035 -0.000019
3.190000 0.000022 0.000034 -0.000021
3.195000 -0.000356 0.000099 -0.000022
3.200000 -0.000708 0.000157 -0.000020
3.205000 -0.001006 0.000202 -0.000017
3.210000 -0.001226 0.000233 -0.000011
3.215000 -0.001353 0.000246 -0.000005
3.220000 -0.001377 0.000241 0.000001
3.225000 -0.001297 0.000218 0.000007
3.230000 -0.001118 0.000179 0.000011
3.235000 -0.000856 0.000127 0.000013
3.240000 -0.000531 0.000066 0.000011
3.245000 -0.000168 -0.000000 0.000007
3.250000 0.000204 -0.000066 -0.000001
3.255000 0.000557 -0.000126 -0.000012
3.260000 0.000862 -0.000177 -0.000023
3.265000 0.001094 -0.000214 -0.000035
3.270000 0.001234 -0.000235 -0.000046
3.275000 0.001269 -0.000239 -0.000055
3.280000 0.001196 -0.000225 -0.000062
3.285000 0.001019 -0.000195 -0.000066
3.290000 0.000752 -0.000150 -0.000067
3.295000 0.000417 -0.000095 -0.000064
3.300000 0.000039 -0.000033 -0.000059
3.305000 -0.000350 0.000031 -0.000050
3.310000 -0.000720 0.000092 -0.000040
3.315000 -0.001040 0.000146 -0.000027
3.320000 -0.001284 0.000189 -0.000014
3.325000 -0.001433 0.000217 -0.000001
3.330000 -0.001472 0.000229 0.000012
3.335000 -0.001397 0.000225 0.000022
3.340000 -0.001213 0.000203 0.000030
3.345000 -0.000931 0.000167 0.000035
3.350000 -0.000574 0.000119 0.000037
3.355000 -0.000168 0.000062 0.000037
3.360000 0.000255 0.000001 0.000034
3.365000 0.000661 -0.000059 0.000030
3.370000 0.001020 -0.000115 0.000023
3.375000 0.001302 -0.000162 0.000016
3.380000 0.001485 -0.000197 0.000007
3.385000 0.001556 -0.000217 -0.000001
3.390000 0.001509 -0.000221 -0.000008
3.395000 0.001346 -0.000209 -0.000014
3.400000 0.001081 -0.000182 -0.000018
3.405000 0.000733 -0.000142 -0.000021
3.410000 0.000329 -0.000091 -0.000020
3.415000 -0.000101 -0.000034 -0.000019
3.420000 -0.000523 0.000025 -0.000016
3.425000 -0.000906 0.000082 -0.000012
3.430000 -0.001219 0.000133 -0.000007
3.435000 -0.001437 0.000174 -0.000003
3.440000 -0.001544 0.000201 0.000000
3.445000 -0.001531 0.000214 0.000003
3.450000 -0.001400 0.000211 0.000005
3.455000 -0.001161 0.000192 0.000007
3.460000 -0.000833 0.000159 0.000007
3.465000 -0.000442 0.000115 0.000006
3.470000 -0.000020 0.000062 0.000004
3.475000 0.000401 0.000005 0.000000
3.480000 0.000789 -0.000052 -0.000005
3.485000 0.001114 -0.000106 -0.000010
3.490000 0.001350 -0.000151 -0.000016
3.495000 0.001478 -0.000185 -0.000021
3.500000 0.001490 -0.000205 -0.000026
3.505000 0.001382 -0.000210 -0.000029
3.510000 0.001165 -0.000199 -0.000030
3.515000 0.000853 -0.000174 -0.000030
3.520000 0.000473 -0.000136 -0.000028
3.525000 0.000054 -0.000088 -0.000023
3.530000 -0.000371 -0.000033 -0.000017
3.535000 -0.000769 0.000023 -0.000009
3.540000 -0.001108 0.000078 -0.000000
3.545000 -0.001362 0.000126 0.000010
3.550000 -0.001510 0.000165 0.000020
3.555000 -0.001542 0.000191 0.000029
3.560000 -0.001453 0.000203 0.000036
3.565000 -0.001252 0.000200 0.000041
3.570000 -0.000951 0.000182 0.000042
3.575000 -0.000574 0.000150 0.000040
3.580000 -0.000150 0.000108 0.000035
3.585000 0.000290 0.000057 0.000028
3.590000 0.000710 0.000003 0.000018
3.595000 0.001079 -0.000051 0.000008
3.600000 0.001365 -0.000101 -0.000003
3.605000 0.001546 -0.000144 -0.000014
3.610000 0.001607 -0.000175 -0.000023
3.615000 0.001543 -0.000193 -0.000031
3.620000 0.001357 -0.000197 -0.000037
3.625000 0.001065 -0.000186 -0.000040
3.630000 0.000688 -0.000162 -0.000041
3.635000 0.000255 -0.000125 -0.000039
3.640000 -0.000201 -0.000080 -0.000034
3.645000 -0.000644 -0.000029 -0.000028
3.650000 -0.001041 0.000023 -0.000021
3.655000 -0.001360 0.000074 -0.000012
3.660000 -0.001577 0.000119 -0.000004
3.665000 -0.001673 0.000154 0.000003
3.670000 -0.001642 0.000178 0.000010
3.675000 -0.001484 0.000189 0.000015
3.680000 -0.001212 0.000186 0.000019
3.685000 -0.000847 0.000169 0.000022
3.690000 -0.000416 0.000139 0.000023
3.695000 0.000046 0.000100 0.000022
3.700000 0.000504 0.000053 0.000020
3.705000 0.000923 0.000003 0.000016
3.710000 0.001272 -0.000047 0.000011
3.715000 0.001523 -0.000094 0.000004
3.720000 0.001658 -0.000134 -0.000002
3.725000 0.001667 -0.000163 -0.000009
3.730000 0.001548 -0.000180 -0.000014
3.735000 0.001312 -0.000184 -0.000018
3.740000 0.000975 -0.000174 -0.000020
3.745000 0.000562 -0.000152 -0.000021
3.750000 0.000107 -0.000118 -0.000020
3.755000 -0.000358 -0.000076 -0.000017
3.760000 -0.000795 -0.000028 -0.000014
3.765000 -0.001171 0.000022 -0.000010
3.770000 -0.001457 0.000069 -0.000005
3.775000 -0.001630 0.000112 -0.000000
3.780000 -0.001679 0.000146 0.000004
3.785000 -0.001599 0.000169 0.000008
3.790000 -0.001397 0.000179 0.000011
3.795000 -0.001089 0.000176 0.000013
3.800000 -0.000698 0.000160 0.000013
3.805000 -0.000254 0.000132 0.000012
3.810000 0.000209 0.000094 0.000009
3.815000 0.000655 0.000050 0.000005
3.820000 0.001051 0.000002 0.000000
3.825000 0.001367 -0.000046 -0.000005
3.830000 0.001576 -0.000090 -0.000011
3.835000 0.001665 -0.000128 -0.000016
3.840000 0.001625 -0.000155 -0.000020
3.845000 0.001459 -0.000171 -0.000023
3.850000 0.001182 -0.000174 -0.000024
3.855000 0.000814 -0.000164 -0.000024
3.860000 0.000384 -0.000142 -0.000022
3.865000 -0.000074 -0.000110 -0.000018
3.870000 -0.000526 -0.000069 -0.000012
3.875000 -0.000937 -0.000024 -0.000006
3.880000 -0.001276 0.000023 0.000002
3.885000 -0.001517 0.000068 0.000009
3.890000 -0.001641 0.000108 0.000016
3.895000 -0.001638 0.000139 0.000020
3.900000 -0.001509 0.000160 0.000023
3.905000 -0.001263 0.000168 0.000024
3.910000 -0.000918 0.000165 0.000022
3.915000 -0.000501 0.000148 0.000018
3.920000 -0.000046 0.000122 0.000013
3.925000 0.000414 0.000086 0.000007
3.930000 0.000841 0.000044 0.000001
3.935000 0.001202 -0.000001 -0.000005
3.940000 0.001470 -0.000045 -0.000012
3.945000 0.001623 -0.000086 -0.000017
3.950000 0.001650 -0.000121 -0.000022
3.955000 0.001549 -0.000146 -0.000026
3.960000 0.001327 -0.000160 -0.000028
3.965000 0.001002 -0.000162 -0.000029
3.970000 0.000599 -0.000153 -0.000028
3.975000 0.000148 -0.000132 -0.000026
3.980000 -0.000315 -0.000102 -0.000022
3.985000 -0.000757 -0.000064 -0.000018
3.990000 -0.001141 -0.000021 -0.000012
3.995000 -0.001439 0.000022 -0.000007
4.000000 -0.001628 0.000064 -0.000001
4.005000 -0.001692 0.000101 0.000005
4.010000 -0.001628 0.000130 0.000010
4.015000 -0.001440 0.000150 0.000014
4.020000 -0.001142 0.000158 0.000017
4.025000 -0.000759 0.000155 0.000019
4.030000 -0.000319 0.000140 0.000018
4.035000 0.000144 0.000114 0.000016
4.040000 0.000596 0.000081 0.000012
4.045000 0.001002 0.000041 0.000007
4.050000 0.001331 -0.000001 0.000001
4.055000 0.001559 -0.000044 -0.000006
4.060000 0.001668 -0.000082 -0.000012
4.065000 0.001650 -0.000115 -0.000017
4.070000 0.001506 -0.000139 -0.000021
4.075000 0.001246 -0.000152 -0.000023
4.080000 0.000892 -0.000154 -0.000024
4.085000 0.000469 -0.000145 -0.000024
4.090000 0.000012 -0.000125 -0.000022
4.095000 -0.000444 -0.000095 -0.000018
4.100000 -0.000865 -0.000059 -0.000014
4.105000 -0.001217 -0.000018 -0.000008
4.110000 -0.001474 0.000023 -0.000002
4.115000 -0.001617 0.000063 0.000005
4.120000 -0.001634 0.000098 0.000011
4.125000 -0.001523 0.000126 0.000017
4.130000 -0.001294 0.000143 0.000021
4.135000 -0.000962 0.000150 0.000024
4.140000 -0.000554 0.000146 0.000025
4.145000 -0.000100 0.000131 0.000025
4.150000 0.000366 0.000106 0.000023
4.155000 0.000808 0.000073 0.000020
4.160000 0.001191 0.000035 0.000016
4.165000 0.001486 -0.000005 0.000011
4.170000 0.001670 -0.000045 0.000007
4.175000 0.001728 -0.000081 0.000002
4.180000 0.001657 -0.000111 -0.000002
4.185000 0.001462 -0.000132 -0.000005
4.190000 0.001157 -0.000144 -0.000007
4.195000 0.000765 -0.000145 -0.000008
4.200000 0.000316 -0.000135 -0.000007
4.205000 -0.000157 -0.000115 -0.000005
4.210000 -0.000618 -0.000086 -0.000002
4.215000 -0.001033 -0.000052 0.000001
4.220000 -0.001370 -0.000014 0.000004
4.225000 -0.001605 0.000025 0.000007
4.230000 -0.001719 0.000062 0.000009
4.235000 -0.001703 0.000094 0.000010
4.240000 -0.001560 0.000119 0.000011
4.245000 -0.001301 0.000135 0.000010
4.250000 -0.000946 0.000140 0.000009
4.255000 -0.000523 0.000136 0.000008
4.260000 -0.000065 0.000121 0.000005
4.265000 0.000394 0.000097 0.000002
4.270000 0.000818 0.000067 -0.000001
4.275000 0.001175 0.000031 -0.000005
4.280000 0.001439 -0.000006 -0.000010
4.285000 0.001590 -0.000043 -0.000014
4.290000 0.001617 -0.000077 -0.000019
4.295000 0.001519 -0.000105 -0.000022
4.300000 0.001303 -0.000124 -0.000024
4.305000 0.000986 -0.000135 -0.000025
4.310000 0.000593 -0.000135 -0.000026
4.315000 0.000155 -0.000126 -0.000025
4.320000 -0.000296 -0.000107 -0.000023
4.325000 -0.000723 -0.000080 -0.000020
4.330000 -0.001095 -0.000048 -0.000016
4.335000 -0.001382 -0.000012 -0.000012
4.340000 -0.001563 0.000025 -0.000007
4.345000 -0.001623 0.000060 -0.000003
4.350000 -0.001560 0.000090 0.000002
4.355000 -0.001378 0.000113 0.000006
4.360000 -0.001090 0.000128 0.000008
4.365000 -0.000719 0.000133 0.000010
4.370000 -0.000293 0.000129 0.000010
4.375000 0.000157 0.000114 0.000009
4.380000 0.000595 0.000092 0.000008
4.385000 0.000989 0.000062 0.000005
4.390000 0.001307 0.000028 0.000003
4.395000 0.001527 -0.000008 0.000001
4.400000 0.001630 -0.000043 -0.000001
4.405000 0.001609 -0.000075 -0.000002
4.410000 0.001466 -0.000101 -0.000003
4.415000 0.001211 -0.000120 -0.000003
4.420000 0.000864 -0.000129 -0.000003
4.425000 0.000451 -0.000129 -0.000002
4.430000 0.000005 -0.000119 -0.000000
4.435000 -0.000441 -0.000100 0.000002
4.440000 -0.000854 -0.000074 0.000005
4.445000 -0.001202 -0.000043 0.000007
4.450000 -0.001458 -0.000008 0.000010
4.455000 -0.001605 0.000027 0.000012
4.460000 -0.001629 0.000059 0.000012
4.465000 -0.001530 0.000087 0.000012
4.470000 -0.001314 0.000109 0.000011
4.475000 -0.000999 0.000122 0.000009
4.480000 -0.000608 0.000126 0.000006
4.485000 -0.000172 0.000120 0.000002
4.490000 0.000276 0.000106 -0.000002
4.495000 0.000702 0.000084 -0.000006
4.500000 0.001074 0.000056 -0.000011
4.505000 0.001363 0.000023 -0.000015
4.510000 0.001548 -0.000010 -0.000019
4.515000 0.001615 -0.000043 -0.000021
4.520000 0.001559 -0.000073 -0.000023
4.525000 0.001386 -0.000097 -0.000024
4.530000 0.001109 -0.000113 -0.000023
4.535000 0.000748 -0.000121 -0.000021
4.540000 0.000331 -0.000120 -0.000018
4.545000 -0.000109 -0.000111 -0.000014
4.550000 -0.000541 -0.000093 -0.000010
4.555000 -0.000930 -0.000068 -0.000005
4.560000 -0.001247 -0.000038 0.000000
4.565000 -0.001468 -0.000006 0.000005
4.570000 -0.001577 0.000027 0.000010
4.575000 -0.001565 0.000057 0.000014
4.580000 -0.001434 0.000084 0.000017
4.585000 -0.001195 0.000103 0.000020
4.590000 -0.000866 0.000115 0.000021
4.595000 -0.000472 0.000119 0.000021
4.600000 -0.000044 0.000113 0.000020
4.605000 0.000385 0.000100 0.000017
4.610000 0.000785 0.000079 0.000013
4.615000 0.001123 0.000052 0.000008
4.620000 0.001375 0.000021 0.000003
4.625000 0.001522 -0.000011 -0.000002
4.630000 0.001552 -0.000042 -0.000007
4.635000 0.001464 -0.000070 -0.000011
4.640000 0.001264 -0.000093 -0.000014
4.645000 0.000968 -0.000108 -0.000016
4.650000 0.000600 -0.000116 -0.000018
4.655000 0.000186 -0.000115 -0.000018
4.660000 -0.000240 -0.000105 -0.000017
4.665000 -0.000647 -0.000087 -0.000015
4.670000 -0.001003 -0.000063 -0.000012
4.675000 -0.001282 -0.000035 -0.000009
4.680000 -0.001462 -0.000003 -0.000004
4.685000 -0.001531 0.000028 -0.000001
4.690000 -0.001483 0.000057 0.000003
4.695000 -0.001321 0.000082 0.000005
4.700000 -0.001058 0.000100 0.000007
4.705000 -0.000714 0.000111 0.000007
4.710000 -0.000316 0.000114 0.000007
4.715000 0.000107 0.000108 0.000006
4.720000 0.000522 0.000094 0.000004
4.725000 0.000897 0.000073 0.000002
4.730000 0.001202 0.000046 0.000001
4.735000 0.001415 0.000017 -0.000001
4.740000 0.001520 -0.000014 -0.000003
4.745000 0.001508 -0.000044 -0.000004
4.750000 0.001381 -0.000070 -0.000006
4.755000 0.001149 -0.000090 -0.000006
4.760000 0.000829 -0.000104 -0.000006
4.765000 0.000446 -0.000110 -0.000005
4.770000 0.000029 -0.000108 -0.000004
4.775000 -0.000391 -0.000098 -0.000003
4.780000 -0.000781 -0.000080 -0.000001
4.785000 -0.001111 -0.000057 0.000000
4.790000 -0.001358 -0.000029 0.000002
4.795000 -0.001500 0.000000 0.000003
4.800000 -0.001529 0.000030 0.000004
4.805000 -0.001440 0.000057 0.000005
4.810000 -0.001242 0.000079 0.000006
4.815000 -0.000950 0.000096 0.000006
4.820000 -0.000586 0.000105 0.000006
4.825000 -0.000178 0.000107 0.000005
4.830000 0.000243 0.000101 0.000004
4.835000 0.000647 0.000087 0.000002
4.840000 0.001001 0.000067 -0.000001
4.845000 0.001280 0.000041 -0.000004
4.850000 0.001463 0.000013 -0.000006
4.855000 0.001536 -0.000015 -0.000009
4.860000 0.001494 -0.000043 -0.000011
4.865000 0.001339 -0.000067 -0.000012
4.870000 0.001083 -0.000086 -0.000012
4.875000 0.000746 -0.000099 -0.000012
4.880000 0.000353 -0.000104 -0.000011
4.885000 -0.000065 -0.000102 -0.000009
4.890000 -0.000478 -0.000092 -0.000007
4.895000 -0.000854 -0.000075 -0.000004
4.900000 -0.001165 -0.000052 -0.000001
4.905000 -0.001388 -0.000026 0.000002
4.910000 -0.001505 0.000002 0.000006
4.915000 -0.001510 0.000030 0.000009
4.920000 -0.001401 0.000055 0.000011
4.925000 -0.001187 0.000077 0.000013
4.930000 -0.000884 0.000092 0.000013
4.935000 -0.000516 0.000101 0.000013
4.940000 -0.000109 0.000102 0.000011
4.945000 0.000305 0.000095 0.000009
4.950000 0.000695 0.000081 0.000006
4.955000 0.001031 0.000062 0.000002
4.960000 0.001289 0.000038 -0.000001
4.965000 0.001449 0.000011 -0.000004
4.970000 0.001500 -0.000017 -0.000008
4.975000 0.001437 -0.000043 -0.000010
4.980000 0.001266 -0.000066 -0.000012
4.985000 0.001000 -0.000084 -0.000014
4.990000 0.000661 -0.000095 -0.000014
4.995000 0.000273 -0.000100 -0.000013
5.000000 -0.000133 -0.000096 -0.000012
5.005000 -0.000529 -0.000086 -0.000009
5.010000 -0.000883 -0.000069 -0.000006
5.015000 -0.001168 -0.000047 -0.000003
5.020000 -0.001365 -0.000022 -0.000000
5.025000 -0.001457 0.000005 0.000002
5.030000 -0.001438 0.000032 0.000004
5.035000 -0.001310 0.000055 0.000006
5.040000 -0.001083 0.000075 0.000007
5.045000 -0.000774 0.000089 0.000007
5.050000 -0.000407 0.000096 0.000007
5.055000 -0.000011 0.000096 0.000007
5.060000 0.000384 0.000089 0.000006
5.065000 0.000748 0.000075 0.000005
5.070000 0.001054 0.000056 0.000004
5.075000 0.001278 0.000033 0.000002
5.080000 0.001405 0.000007 0.000000
5.085000 0.001425 -0.000019 -0.000001
5.090000 0.001337 -0.000043 -0.000003
5.095000 0.001147 -0.000064 -0.000004
5.100000 0.000872 -0.000081 -0.000005
5.105000 0.000531 -0.000091 -0.000006
5.110000 0.000151 -0.000094 -0.000007
5.115000 -0.000239 -0.000090 -0.000007
5.120000 -0.000608 -0.000080 -0.000007
5.125000 -0.000930 -0.000063 -0.000006
5.130000 -0.001180 -0.000042 -0.000005
5.135000 -0.001339 -0.000018 -0.000004
5.140000 -0.001395 0.000007 -0.000002
5.145000 -0.001345 0.000032 0.000000
5.150000 -0.001193 0.000054 0.000002
5.155000 -0.000951 0.000072 0.000003
5.160000 -0.000637 0.000085 0.000004
5.165000 -0.000275 0.000091 0.000005
5.170000 0.000107 0.000090 0.000004
5.175000 0.000481 0.000083 0.000003
5.180000 0.000817 0.000070 0.000002
5.185000 0.001091 0.000051 0.000001
5.190000 0.001282 0.000029 -0.000001
5.195000 0.001375 0.000005 -0.000002
5.200000 0.001363 -0.000020 -0.000003
5.205000 0.001247 -0.000043 -0.000004
5.210000 0.001037 -0.000062 -0.000004
5.215000 0.000748 -0.000077 -0.000004
5.220000 0.000403 -0.000087 -0.000004
5.225000 0.000029 -0.000089 -0.000004
5.230000 -0.000347 -0.000085 -0.000003
5.235000 -0.000696 -0.000075 -0.000001
5.240000 -0.000992 -0.000059 0.000000
5.245000 -0.001212 -0.000039 0.000001
5.250000 -0.001339 -0.000016 0.000003
5.255000 -0.001365 0.000009 0.000003
5.260000 -0.001287 0.000032 0.000004
5.265000 -0.001111 0.000053 0.000004
5.270000 -0.000850 0.000070 0.000003
5.275000 -0.000525 0.000082 0.000002
5.280000 -0.000160 0.000087 0.000001
5.285000 0.000217 0.000086 -0.000000
5.290000 0.000577 0.000079 -0.000002
5.295000 0.000893 0.000065 -0.000003
5.300000 0.001141 0.000047 -0.000004
5.305000 0.001303 0.000025 -0.000006
5.310000 0.001366 0.000002 -0.000006
5.315000 0.001326 -0.000021 -0.000007
5.320000 0.001185 -0.000043 -0.000006
5.325000 0.000956 -0.000061 -0.000006
5.330000 0.000654 -0.000075 -0.000004
5.335000 0.000304 -0.000083 -0.000002
5.340000 -0.000069 -0.000085 -0.000000
5.345000 -0.000437 -0.000080 0.000001
5.350000 -0.000770 -0.000070 0.000003
5.355000 -0.001045 -0.000054 0.000004
5.360000 -0.001239 -0.000034 0.000005
5.365000 -0.001339 -0.000012 0.000005
5.370000 -0.001338 0.000011 0.000005
5.375000 -0.001235 0.000033 0.000005
5.380000 -0.001039 0.000052 0.000005
5.385000 -0.000765 0.000068 0.000004
5.390000 -0.000434 0.000078 0.000003
5.395000 -0.000072 0.000083 0.000002
5.400000 0.000296 0.000081 0.000001
5.405000 0.000640 0.000073 -0.000001
5.410000 0.000936 0.000060 -0.000002
5.415000 0.001161 0.000043 -0.000004
5.420000 0.001298 0.000022 -0.000006
5.425000 0.001338 0.000000 -0.000007
5.430000 0.001276 -0.000022 -0.000008
5.435000 0.001119 -0.000042 -0.000008
5.440000 0.000878 -0.000059 -0.000008
5.445000 0.000572 -0.000072 -0.000008
5.450000 0.000224 -0.000079 -0.000007
5.455000 -0.000139 -0.000080 -0.000005
5.460000 -0.000491 -0.000076 -0.000003
5.465000 -0.000804 -0.000065 -0.000001
5.470000 -0.001056 -0.000050 0.000002
5.475000 -0.001228 -0.000031 0.000005
5.480000 -0.001307 -0.000010 0.000007
5.485000 -0.001288 0.000012 0.000009
5.490000 -0.001171 0.000032 0.000009
5.495000 -0.000966 0.000051 0.000009
5.500000 -0.000689 0.000065 0.000009
5.505000 -0.000360 0.000075 0.000007
5.510000 -0.000005 0.000079 0.000005
5.515000 0.000350 0.000077 0.000003
5.520000 0.000678 0.000070 0.000001
5.525000 0.000953 0.000057 -0.000001
5.530000 0.001156 0.000040 -0.000004
5.535000 0.001271 0.000020 -0.000006
5.540000 0.001290 -0.000001 -0.000007
5.545000 0.001212 -0.000022 -0.000009
5.550000 0.001043 -0.000042 -0.000010
5.555000 0.000796 -0.000058 -0.000010
5.560000 0.000490 -0.000070 -0.000009
5.565000 0.000148 -0.000076 -0.000008
5.570000 -0.000204 -0.000077 -0.000006
5.575000 -0.000539 -0.000072 -0.000003
5.580000 -0.000832 -0.000061 -0.000001
5.585000 -0.001062 -0.000046 0.000002
5.590000 -0.001210 -0.000028 0.000004
5.595000 -0.001266 -0.000008 0.000005
5.600000 -0.001225 0.000013 0.000007
5.605000 -0.001092 0.000033 0.000007
5.610000 -0.000877 0.000050 0.000008
5.615000 -0.000596 0.000064 0.000007
5.620000 -0.000271 0.000072 0.000007
5.625000 0.000072 0.000076 0.000006
5.630000 0.000409 0.000073 0.000004
5.635000 0.000714 0.000065 0.000003
5.640000 0.000963 0.000052 0.000001
5.645000 0.001138 0.000036 -0.000001
5.650000 0.001226 0.000017 -0.000003
5.655000 0.001221 -0.000004 -0.000004
5.660000 0.001123 -0.000023 -0.000005
5.665000 0.000939 -0.000041 -0.000006
5.670000 0.000684 -0.000056 -0.000006
5.675000 0.000378 -0.000067 -0.000006
5.680000 0.000043 -0.000072 -0.000006
5.685000 -0.000295 -0.000073 -0.000006
5.690000 -0.000610 -0.000067 -0.000005
5.695000 -0.000879 -0.000057 -0.000004
5.700000 -0.001081 -0.000042 -0.000002
5.705000 -0.001203 -0.000025 -0.000000
5.710000 -0.001236 -0.000005 0.000002
5.715000 -0.001177 0.000014 0.000004
5.720000 -0.001032 0.000033 0.000005
5.725000 -0.000811 0.000049 0.000006
5.730000 -0.000533 0.000062 0.000007
5.735000 -0.000218 0.000069 0.000007
5.740000 0.000109 0.000072 0.000007
5.745000 0.000423 0.000069 0.000006
5.750000 0.000701 0.000061 0.000005
5.755000 0.000921 0.000049 0.000003
5.760000 0.001065 0.000033 0.000001
5.765000 0.001124 0.000015 -0.000001
5.770000 0.001091 -0.000005 -0.000002
5.775000 0.000970 -0.000024 -0.000004
5.780000 0.000770 -0.000041 -0.000005
5.785000 0.000505 -0.000055 -0.000006
5.790000 0.000196 -0.000065 -0.000006
5.795000 -0.000136 -0.000070 -0.000006
5.800000 -0.000464 -0.000070 -0.000005
5.805000 -0.000766 -0.000064 -0.000003
5.810000 -0.001017 -0.000054 -0.000001
5.815000 -0.001201 -0.000039 0.000000
5.820000 -0.001303 -0.000022 0.000002
5.825000 -0.001315 -0.000003 0.000003
5.830000 -0.001238 0.000016 0.000003
5.835000 -0.001078 0.000034 0.000004
5.840000 -0.000846 0.000049 0.000004
5.845000 -0.000562 0.000060 0.000004
5.850000 -0.000247 0.000067 0.000004
5.855000 0.000075 0.000069 0.000003
5.860000 0.000379 0.000066 0.000002
5.865000 0.000642 0.000058 0.000002
5.870000 0.000845 0.000045 0.000001
5.875000 0.000973 0.000030 -0.000000
5.880000 0.001016 0.000012 -0.000001
5.885000 0.000972 -0.000007 -0.000002
5.890000 0.000845 -0.000025 -0.000003
5.895000 0.000644 -0.000041 -0.000003
5.900000 0.000386 -0.000054 -0.000003
5.905000 0.000092 -0.000063 -0.000003
5.910000 -0.000216 -0.000067 -0.000003
5.915000 -0.000513 -0.000066 -0.000003
5.920000 -0.000776 -0.000060 -0.000003
5.925000 -0.000982 -0.000050 -0.000002
5.930000 -0.001117 -0.000036 -0.000002
5.935000 -0.001167 -0.000019 -0.000002
5.940000 -0.001129 -0.000001 -0.000001
5.945000 -0.001004 0.000017 -0.000001
5.950000 -0.000800 0.000034 -0.000001
5.955000 -0.000531 0.000048 -0.000001
5.960000 -0.000215 0.000059 -0.000001
5.965000 0.000125 0.000065 -0.000001
5.970000 0.000465 0.000066 -0.000001
5.975000 0.000781 0.000062 -0.000001
5.980000 0.001052 0.000054 -0.000002
5.985000 0.001258 0.000042 -0.000002
5.990000 0.001387 0.000027 -0.000003
5.995000 0.001428 0.000009 -0.000004
