0.000000 0.000000 0.000000 0.000000
0.005000 0.000000 0.000000 0.000000
0.010000 0.000000 0.000000 0.000000
0.015000 0.000000 0.000000 0.000000
0.020000 0.000000 0.000000 0.000000
0.025000 0.000000 0.000000 0.000000
0.030000 0.000000 0.000000 0.000000
0.035000 0.000000 0.000000 0.000000
0.040000 0.000000 0.000000 0.000000
0.045000 0.000000 0.000000 0.000000
0.050000 -0.000000 0.000000 -0.000000
0.055000 -0.000000 0.000000 -0.000000
0.060000 -0.000000 0.000000 -0.000000
0.065000 -0.000000 0.000000 -0.000000
0.070000 -0.000000 0.000000 -0.000000
0.075000 -0.000000 0.000000 -0.000000
0.080000 -0.000000 0.000000 -0.000000
0.085000 -0.000000 0.000000 -0.000000
0.090000 -0.000000 0.000000 -0.000000
0.095000 -0.000000 0.000000 -0.000000
0.100000 -0.000000 0.000000 -0.000000
0.105000 -0.000000 0.000000 -0.000000
0.110000 -0.000000 0.000000 -0.000000
0.115000 -0.000000 0.000000 -0.000000
0.120000 -0.000000 0.000000 -0.000000
0.125000 -0.000000 0.000000 -0.000000
0.130000 -0.000000 0.000000 -0.000000
0.135000 -0.000000 0.000000 -0.000000
0.140000 -0.000000 0.000000 -0.000000
0.145000 -0.000000 0.000000 -0.000000
0.150000 -0.000000 0.000000 -0.000000
0.155000 -0.000000 0.000000 -0.000000
0.160000 -0.000000 0.000000 -0.000000
0.165000 -0.000000 0.000000 -0.000000
0.170000 -0.000000 0.000000 -0.000000
0.175000 -0.000000 0.000000 -0.000000
0.180000 -0.000000 0.000000 -0.000000
0.185000 -0.000000 0.000000 0.000000
0.190000 0.000000 0.000000 0.000000
0.195000 0.000000 0.000000 0.000000
0.200000 0.000000 0.000000 0.000000
0.205000 0.000000 0.000000 0.000000
0.210000 0.000000 0.000000 0.000000
0.215000 0.000000 0.000000 0.000000
0.220000 0.000000 0.000000 0.000000
0.225000 0.000000 0.000000 0.000000
0.230000 0.000000 0.000000 -0.000000
0.235000 0.000000 0.000000 -0.000000
0.240000 0.000000 0.000000 -0.000000
0.245000 0.000000 0.000000 -0.000000
0.250000 0.000000 0.000000 -0.000000
0.255000 0.000000 0.000000 -0.000000
0.260000 -0.000000 0.000000 0.000000
0.265000 -0.000000 0.000000 0.000000
0.270000 -0.000000 0.000000 0.000000
0.275000 -0.000000 0.000000 0.000000
0.280000 -0.000000 0.000000 0.000000
0.285000 -0.000000 0.000000 0.000000
0.290000 -0.000000 0.000000 0.000000
0.295000 0.000000 0.000000 -0.000000
0.300000 0.000000 0.000000 -0.000000
0.305000 0.000000 0.000000 -0.000000
0.310000 0.000000 0.000000 -0.000000
0.315000 0.000000 0.000000 -0.000000
0.320000 0.000000 0.000000 -0.000000
0.325000 -0.000000 0.000000 0.000000
0.330000 -0.000000 0.000000 0.000000
0.335000 -0.000000 0.000000 0.000000
0.340000 -0.000000 0.000000 0.000000
0.345000 -0.000000 0.000000 0.000000
0.350000 -0.000000 0.000000 0.000000
0.355000 0.000000 0.000000 -0.000000
0.360000 0.000000 0.000000 -0.000000
0.365000 0.000000 0.000000 -0.000000
0.370000 0.000000 0.000000 -0.000000
0.375000 0.000000 0.000000 -0.000000
0.380000 0.000000 0.000000 -0.000000
0.385000 -0.000000 0.000000 0.000000
0.390000 -0.000000 0.000000 0.000000
0.395000 -0.000000 0.000000 0.000000
0.400000 -0.000000 0.000000 0.000000
0.405000 -0.000000 0.000000 0.000000
0.410000 -0.000000 0.000000 0.000000
0.415000 0.000000 0.000000 -0.000000
0.420000 0.000000 0.000000 -0.000000
0.425000 0.000000 0.000000 -0.000000
0.430000 0.000000 0.000000 -0.000000
0.435000 0.000000 0.000000 -0.000000
0.440000 0.000000 0.000000 -0.000000
0.445000 -0.000000 0.000000 0.000000
0.450000 -0.000000 0.000000 0.000000
0.455000 -0.000000 -0.000000 0.000000
0.460000 -0.000000 -0.000000 0.000000
0.465000 -0.000000 -0.000000 0.000000
0.470000 -0.000000 0.000000 0.000000
0.475000 0.000000 0.000000 -0.000000
0.480000 0.000000 0.000000 -0.000000
0.485000 0.000000 0.000000 -0.000000
0.490000 0.000000 0.000000 -0.000000
0.495000 0.000000 0.000000 -0.000000
0.500000 0.000000 0.000000 -0.000000
0.505000 -0.000000 -0.000000 -0.000000
0.510000 -0.000000 -0.000000 -0.000000
0.515000 -0.000000 -0.000000 -0.000000
0.520000 -0.000000 -0.000000 -0.000000
0.525000 -0.000000 -0.000000 -0.000000
0.530000 -0.000000 -0.000000 -0.000000
0.535000 0.000000 0.000000 0.000000
0.540000 0.000000 0.000000 0.000000
0.545000 0.000000 -0.000000 0.000000
0.550000 0.000000 0.000000 0.000000
0.555000 0.000000 0.000000 0.000000
0.560000 0.000000 0.000000 0.000000
0.565000 0.000000 0.000000 0.000000
0.570000 -0.000000 0.000000 -0.000000
0.575000 -0.000000 -0.000000 -0.000000
0.580000 -0.000000 0.000000 -0.000000
0.585000 -0.000000 0.000000 -0.000000
0.590000 -0.000000 0.000000 -0.000000
0.595000 -0.000000 0.000000 -0.000000
0.600000 -0.000000 -0.000000 0.000000
0.605000 -0.000000 -0.000000 0.000000
0.610000 0.000000 -0.000000 0.000000
0.615000 0.000000 -0.000000 0.000000
0.620000 0.000000 -0.000000 0.000000
0.625000 0.000000 -0.000000 0.000000
0.630000 0.000000 -0.000000 0.000000
0.635000 0.000000 0.000000 0.000000
0.640000 -0.000000 0.000000 -0.000000
0.645000 -0.000001 0.000000 -0.000001
0.650000 -0.000003 0.000000 -0.000001
0.655000 -0.000004 0.000000 -0.000002
0.660000 -0.000005 0.000000 -0.000002
0.665000 -0.000004 -0.000000 -0.000002
0.670000 0.000001 -0.000000 0.000000
0.675000 0.000011 -0.000000 0.000005
0.680000 0.000025 -0.000000 0.000011
0.685000 0.000044 -0.000000 0.000019
0.690000 0.000061 0.000000 0.000027
0.695000 0.000068 0.000000 0.000031
0.700000 0.000052 0.000000 0.000026
0.705000 -0.000005 0.000000 0.000003
0.710000 -0.000117 0.000000 -0.000044
0.715000 -0.000296 -0.000000 -0.000121
0.720000 -0.000538 -0.000000 -0.000228
0.725000 -0.000815 -0.000000 -0.000355
0.730000 -0.001066 -0.000000 -0.000478
0.735000 -0.001187 -0.000000 -0.000551
0.740000 -0.001029 -0.000000 -0.000512
0.745000 -0.000401 -0.000000 -0.000277
0.750000 0.000916 0.000000 0.000256
0.755000 0.003147 0.000000 0.001192
0.760000 0.006491 0.000000 0.002630
0.765000 0.011087 0.000000 0.004647
0.770000 0.016976 0.000001 0.007279
0.775000 0.024074 0.000001 0.010510
0.780000 0.032162 0.000001 0.014259
0.785000 0.040886 0.000001 0.018380
0.790000 0.049787 0.000001 0.022671
0.795000 0.058344 0.000000 0.026888
0.800000 0.066032 -0.000001 0.030769
0.805000 0.072380 -0.000002 0.034063
0.810000 0.077028 -0.000004 0.036553
0.815000 0.079759 -0.000006 0.038084
0.820000 0.080513 -0.000009 0.038572
0.825000 0.079374 -0.000012 0.038007
0.830000 0.076531 -0.000016 0.036450
0.835000 0.072235 -0.000020 0.034010
0.840000 0.066744 -0.000024 0.030828
0.845000 0.060283 -0.000028 0.027054
0.850000 0.053024 -0.000033 0.022829
0.855000 0.045086 -0.000036 0.018279
0.860000 0.036554 -0.000040 0.013513
0.865000 0.027515 -0.000044 0.008624
0.870000 0.018089 -0.000048 0.003706
0.875000 0.008463 -0.000051 -0.001142
0.880000 -0.001112 -0.000055 -0.005806
0.885000 -0.010320 -0.000058 -0.010160
0.890000 -0.018822 -0.000061 -0.014067
0.895000 -0.026289 -0.000063 -0.017399
0.900000 -0.032446 -0.000065 -0.020044
0.905000 -0.037096 -0.000066 -0.021918
0.910000 -0.040140 -0.000066 -0.022979
0.915000 -0.041568 -0.000066 -0.023223
0.920000 -0.041442 -0.000065 -0.022684
0.925000 -0.039871 -0.000064 -0.021427
0.930000 -0.036996 -0.000062 -0.019537
0.935000 -0.032977 -0.000061 -0.017116
0.940000 -0.027999 -0.000059 -0.014282
0.945000 -0.022286 -0.000058 -0.011165
0.950000 -0.016115 -0.000057 -0.007912
0.955000 -0.009818 -0.000056 -0.004687
0.960000 -0.003775 -0.000054 -0.001666
0.965000 0.001626 -0.000053 0.000974
0.970000 0.006036 -0.000051 0.003074
0.975000 0.009202 -0.000050 0.004516
0.980000 0.011019 -0.000048 0.005239
0.985000 0.011553 -0.000047 0.005258
0.990000 0.011041 -0.000047 0.004665
0.995000 0.009846 -0.000047 0.003620
1.000000 0.008390 -0.000048 0.002327
1.005000 0.007073 -0.000049 0.001002
1.010000 0.006197 -0.000049 -0.000161
1.015000 0.005915 -0.000050 -0.001020
1.020000 0.006213 -0.000050 -0.001502
1.025000 0.006934 -0.000050 -0.001606
1.030000 0.007836 -0.000049 -0.001394
1.035000 0.008661 -0.000048 -0.000966
1.040000 0.009207 -0.000047 -0.000432
1.045000 0.009381 -0.000046 0.000113
1.050000 0.009211 -0.000047 0.000612
1.055000 0.008835 -0.000047 0.001048
1.060000 0.008454 -0.000049 0.001441
1.065000 0.008274 -0.000050 0.001832
1.070000 0.008451 -0.000052 0.002266
1.075000 0.009053 -0.000053 0.002770
1.080000 0.010052 -0.000054 0.003346
1.085000 0.011345 -0.000054 0.003970
1.090000 0.012793 -0.000054 0.004597
1.095000 0.014269 -0.000054 0.005182
1.100000 0.015700 -0.000054 0.005689
1.105000 0.017095 -0.000055 0.006110
1.110000 0.018532 -0.000057 0.006465
1.115000 0.020142 -0.000059 0.006803
1.120000 0.022059 -0.000061 0.007181
1.125000 0.024378 -0.000063 0.007656
1.130000 0.027123 -0.000064 0.008265
1.135000 0.030225 -0.000064 0.009012
1.140000 0.033539 -0.000064 0.009866
1.145000 0.036867 -0.000062 0.010772
1.150000 0.040002 -0.000060 0.011655
1.155000 0.042766 -0.000059 0.012441
1.160000 0.045040 -0.000058 0.013072
1.165000 0.046771 -0.000058 0.013512
1.170000 0.047961 -0.000059 0.013750
1.175000 0.048644 -0.000061 0.013796
1.180000 0.048852 -0.000064 0.013670
1.185000 0.048588 -0.000068 0.013394
1.190000 0.047813 -0.000071 0.012980
1.195000 0.046446 -0.000075 0.012429
1.200000 0.044392 -0.000077 0.011734
1.205000 0.041565 -0.000079 0.010883
1.210000 0.037921 -0.000081 0.009875
1.215000 0.033483 -0.000083 0.008723
1.220000 0.028347 -0.000085 0.007464
1.225000 0.022670 -0.000088 0.006156
1.230000 0.016652 -0.000091 0.004876
1.235000 0.010502 -0.000094 0.003704
1.240000 0.004406 -0.000098 0.002720
1.245000 -0.001490 -0.000102 0.001982
1.250000 -0.007093 -0.000105 0.001526
1.255000 -0.012355 -0.000107 0.001357
1.260000 -0.017259 -0.000108 0.001452
1.265000 -0.021799 -0.000109 0.001765
1.270000 -0.025965 -0.000109 0.002236
1.275000 -0.029729 -0.000109 0.002796
1.280000 -0.033048 -0.000109 0.003372
1.285000 -0.035873 -0.000109 0.003895
1.290000 -0.038163 -0.000110 0.004293
1.295000 -0.039902 -0.000110 0.004496
1.300000 -0.041110 -0.000112 0.004428
1.305000 -0.041844 -0.000112 0.004010
1.310000 -0.042194 -0.000113 0.003164
1.315000 -0.042267 -0.000113 0.001815
1.320000 -0.042174 -0.000112 -0.000096
1.325000 -0.042007 -0.000111 -0.002604
1.330000 -0.041827 -0.000109 -0.005712
1.335000 -0.041663 -0.000108 -0.009385
1.340000 -0.041509 -0.000106 -0.013548
1.345000 -0.041336 -0.000104 -0.018089
1.350000 -0.041102 -0.000101 -0.022866
1.355000 -0.040765 -0.000097 -0.027714
1.360000 -0.040291 -0.000091 -0.032460
1.365000 -0.039660 -0.000082 -0.036927
1.370000 -0.038866 -0.000071 -0.040943
1.375000 -0.037915 -0.000056 -0.044354
1.380000 -0.036815 -0.000038 -0.047023
1.385000 -0.035579 -0.000018 -0.048838
1.390000 -0.034212 0.000005 -0.049717
1.395000 -0.032717 0.000030 -0.049608
1.400000 -0.031094 0.000055 -0.048494
1.405000 -0.029344 0.000080 -0.046395
1.410000 -0.027470 0.000103 -0.043368
1.415000 -0.025486 0.000125 -0.039503
1.420000 -0.023419 0.000145 -0.034924
1.425000 -0.021308 0.000162 -0.029784
1.430000 -0.019203 0.000176 -0.024258
1.435000 -0.017162 0.000187 -0.018537
1.440000 -0.015245 0.000196 -0.012816
1.445000 -0.013505 0.000201 -0.007288
1.450000 -0.011983 0.000204 -0.002131
1.455000 -0.010700 0.000204 0.002501
1.460000 -0.009656 0.000201 0.006487
1.465000 -0.008829 0.000197 0.009742
1.470000 -0.008182 0.000191 0.012219
1.475000 -0.007672 0.000185 0.013910
1.480000 -0.007253 0.000180 0.014839
1.485000 -0.006889 0.000175 0.015059
1.490000 -0.006554 0.000173 0.014643
1.495000 -0.006235 0.000172 0.013680
1.500000 -0.005924 0.000174 0.012268
1.505000 -0.005619 0.000177 0.010511
1.510000 -0.005314 0.000179 0.008516
1.515000 -0.004997 0.000181 0.006390
1.520000 -0.004647 0.000180 0.004234
1.525000 -0.004243 0.000174 0.002145
1.530000 -0.003763 0.000162 0.000206
1.535000 -0.003194 0.000142 -0.001513
1.540000 -0.002534 0.000114 -0.002962
1.545000 -0.001798 0.000077 -0.004112
1.550000 -0.001011 0.000032 -0.004953
1.555000 -0.000209 -0.000021 -0.005496
1.560000 0.000570 -0.000079 -0.005766
1.565000 0.001292 -0.000139 -0.005801
1.570000 0.001930 -0.000198 -0.005646
1.575000 0.002470 -0.000254 -0.005350
1.580000 0.002907 -0.000300 -0.004959
1.585000 0.003248 -0.000334 -0.004515
1.590000 0.003505 -0.000352 -0.004055
1.595000 0.003692 -0.000351 -0.003609
1.600000 0.003827 -0.000328 -0.003200
1.605000 0.003924 -0.000283 -0.002841
1.610000 0.003996 -0.000216 -0.002542
1.615000 0.004053 -0.000129 -0.002303
1.620000 0.004101 -0.000026 -0.002121
1.625000 0.004146 0.000087 -0.001989
1.630000 0.004189 0.000205 -0.001894
1.635000 0.004234 0.000320 -0.001823
1.640000 0.004280 0.000425 -0.001758
1.645000 0.004329 0.000511 -0.001681
1.650000 0.004382 0.000574 -0.001577
1.655000 0.004438 0.000607 -0.001430
1.660000 0.004496 0.000609 -0.001229
1.665000 0.004553 0.000577 -0.000968
1.670000 0.004599 0.000513 -0.000649
1.675000 0.004625 0.000422 -0.000279
1.680000 0.004616 0.000309 0.000126
1.685000 0.004559 0.000181 0.000547
1.690000 0.004447 0.000047 0.000961
1.695000 0.004274 -0.000086 0.001344
1.700000 0.004048 -0.000208 0.001678
1.705000 0.003781 -0.000312 0.001947
1.710000 0.003496 -0.000392 0.002143
1.715000 0.003216 -0.000445 0.002268
1.720000 0.002966 -0.000469 0.002327
1.725000 0.002765 -0.000463 0.002332
1.730000 0.002623 -0.000431 0.002299
1.735000 0.002542 -0.000376 0.002243
1.740000 0.002515 -0.000305 0.002179
1.745000 0.002529 -0.000223 0.002121
1.750000 0.002566 -0.000138 0.002077
1.755000 0.002610 -0.000055 0.002054
1.760000 0.002647 0.000021 0.002055
1.765000 0.002666 0.000085 0.002083
1.770000 0.002661 0.000136 0.002133
1.775000 0.002630 0.000172 0.002204
1.780000 0.002573 0.000194 0.002290
1.785000 0.002491 0.000204 0.002383
1.790000 0.002386 0.000204 0.002476
1.795000 0.002262 0.000196 0.002561
1.800000 0.002123 0.000183 0.002629
1.805000 0.001972 0.000167 0.002674
1.810000 0.001816 0.000149 0.002692
1.815000 0.001660 0.000128 0.002683
1.820000 0.001510 0.000106 0.002648
1.825000 0.001371 0.000080 0.002591
1.830000 0.001251 0.000052 0.002520
1.835000 0.001152 0.000019 0.002443
1.840000 0.001077 -0.000016 0.002370
1.845000 0.001028 -0.000053 0.002309
1.850000 0.001003 -0.000090 0.002266
1.855000 0.000999 -0.000123 0.002245
1.860000 0.001011 -0.000149 0.002245
1.865000 0.001029 -0.000164 0.002264
1.870000 0.001045 -0.000166 0.002293
1.875000 0.001051 -0.000152 0.002325
1.880000 0.001039 -0.000122 0.002350
1.885000 0.001007 -0.000077 0.002359
1.890000 0.000955 -0.000021 0.002345
1.895000 0.000887 0.000042 0.002306
1.900000 0.000810 0.000105 0.002243
1.905000 0.000732 0.000162 0.002159
1.910000 0.000659 0.000206 0.002064
1.915000 0.000597 0.000231 0.001964
1.920000 0.000546 0.000235 0.001869
1.925000 0.000503 0.000215 0.001787
1.930000 0.000466 0.000173 0.001723
1.935000 0.000429 0.000111 0.001679
1.940000 0.000388 0.000037 0.001656
1.945000 0.000344 -0.000043 0.001652
1.950000 0.000297 -0.000119 0.001664
1.955000 0.000250 -0.000185 0.001686
1.960000 0.000209 -0.000233 0.001713
1.965000 0.000177 -0.000258 0.001741
1.970000 0.000157 -0.000258 0.001762
1.975000 0.000150 -0.000235 0.001774
1.980000 0.000155 -0.000191 0.001771
1.985000 0.000169 -0.000133 0.001752
1.990000 0.000187 -0.000069 0.001714
1.995000 0.000205 -0.000006 0.001659
2.000000 0.000218 0.000047 0.001589
2.005000 0.000222 0.000085 0.001508
2.010000 0.000214 0.000103 0.001422
2.015000 0.000193 0.000100 0.001335
2.020000 0.000160 0.000080 0.001253
2.025000 0.000116 0.000046 0.001181
2.030000 0.000067 0.000005 0.001123
2.035000 0.000016 -0.000035 0.001081
2.040000 -0.000029 -0.000067 0.001056
2.045000 -0.000064 -0.000084 0.001046
2.050000 -0.000085 -0.000082 0.001049
2.055000 -0.000089 -0.000060 0.001061
2.060000 -0.000079 -0.000020 0.001077
2.065000 -0.000055 0.000034 0.001093
2.070000 -0.000024 0.000095 0.001102
2.075000 0.000009 0.000153 0.001102
2.080000 0.000041 0.000202 0.001089
2.085000 0.000067 0.000233 0.001066
2.090000 0.000085 0.000241 0.001032
2.095000 0.000095 0.000223 0.000991
2.100000 0.000095 0.000181 0.000948
2.105000 0.000087 0.000118 0.000907
2.110000 0.000070 0.000042 0.000871
2.115000 0.000045 -0.000040 0.000841
2.120000 0.000012 -0.000118 0.000820
2.125000 -0.000028 -0.000184 0.000805
2.130000 -0.000073 -0.000230 0.000794
2.135000 -0.000120 -0.000253 0.000786
2.140000 -0.000167 -0.000251 0.000778
2.145000 -0.000208 -0.000225 0.000767
2.150000 -0.000241 -0.000180 0.000755
2.155000 -0.000263 -0.000124 0.000739
2.160000 -0.000271 -0.000063 0.000721
2.165000 -0.000266 -0.000005 0.000702
2.170000 -0.000248 0.000043 0.000683
2.175000 -0.000220 0.000076 0.000665
2.180000 -0.000183 0.000093 0.000648
2.185000 -0.000140 0.000094 0.000633
2.190000 -0.000095 0.000081 0.000619
2.195000 -0.000050 0.000059 0.000606
2.200000 -0.000009 0.000032 0.000592
2.205000 0.000025 0.000007 0.000577
2.210000 0.000050 -0.000013 0.000559
2.215000 0.000065 -0.000024 0.000539
2.220000 0.000068 -0.000025 0.000515
2.225000 0.000060 -0.000018 0.000490
2.230000 0.000041 -0.000004 0.000466
2.235000 0.000012 0.000013 0.000443
2.240000 -0.000026 0.000028 0.000425
2.245000 -0.000070 0.000039 0.000411
2.250000 -0.000120 0.000042 0.000404
2.255000 -0.000171 0.000037 0.000403
2.260000 -0.000221 0.000024 0.000407
2.265000 -0.000265 0.000004 0.000414
2.270000 -0.000298 -0.000019 0.000423
2.275000 -0.000315 -0.000040 0.000431
2.280000 -0.000312 -0.000058 0.000436
2.285000 -0.000286 -0.000067 0.000439
2.290000 -0.000239 -0.000067 0.000437
2.295000 -0.000174 -0.000057 0.000431
2.300000 -0.000097 -0.000038 0.000420
2.305000 -0.000016 -0.000014 0.000404
2.310000 0.000058 0.000011 0.000383
2.315000 0.000118 0.000035 0.000358
2.320000 0.000157 0.000052 0.000332
2.325000 0.000169 0.000060 0.000304
2.330000 0.000155 0.000057 0.000278
2.335000 0.000115 0.000045 0.000256
2.340000 0.000055 0.000024 0.000238
2.345000 -0.000019 -0.000003 0.000227
2.350000 -0.000098 -0.000030 0.000223
2.355000 -0.000173 -0.000055 0.000225
2.360000 -0.000239 -0.000072 0.000232
2.365000 -0.000286 -0.000080 0.000243
2.370000 -0.000312 -0.000078 0.000256
2.375000 -0.000313 -0.000065 0.000269
2.380000 -0.000290 -0.000045 0.000279
2.385000 -0.000246 -0.000019 0.000286
2.390000 -0.000185 0.000007 0.000288
2.395000 -0.000114 0.000030 0.000285
2.400000 -0.000040 0.000047 0.000276
2.405000 0.000032 0.000055 0.000263
2.410000 0.000095 0.000053 0.000247
2.415000 0.000146 0.000042 0.000229
2.420000 0.000182 0.000023 0.000211
2.425000 0.000202 -0.000000 0.000194
2.430000 0.000204 -0.000025 0.000179
2.435000 0.000189 -0.000047 0.000168
2.440000 0.000160 -0.000065 0.000159
2.445000 0.000117 -0.000076 0.000153
2.450000 0.000064 -0.000079 0.000150
2.455000 0.000004 -0.000074 0.000147
2.460000 -0.000058 -0.000064 0.000146
2.465000 -0.000117 -0.000050 0.000146
2.470000 -0.000168 -0.000034 0.000146
2.475000 -0.000208 -0.000018 0.000148
2.480000 -0.000233 -0.000005 0.000151
2.485000 -0.000243 0.000006 0.000155
2.490000 -0.000236 0.000014 0.000160
2.495000 -0.000216 0.000020 0.000165
2.500000 -0.000185 0.000026 0.000169
2.505000 -0.000147 0.000032 0.000170
2.510000 -0.000107 0.000041 0.000168
2.515000 -0.000071 0.000053 0.000162
2.520000 -0.000044 0.000069 0.000153
2.525000 -0.000030 0.000088 0.000140
2.530000 -0.000035 0.000109 0.000126
2.535000 -0.000060 0.000130 0.000111
2.540000 -0.000108 0.000150 0.000097
2.545000 -0.000178 0.000168 0.000085
2.550000 -0.000266 0.000181 0.000077
2.555000 -0.000368 0.000191 0.000073
2.560000 -0.000478 0.000196 0.000074
2.565000 -0.000587 0.000198 0.000079
2.570000 -0.000688 0.000199 0.000087
2.575000 -0.000771 0.000198 0.000098
2.580000 -0.000831 0.000198 0.000110
2.585000 -0.000861 0.000199 0.000121
2.590000 -0.000858 0.000201 0.000129
2.595000 -0.000819 0.000202 0.000134
2.600000 -0.000745 0.000201 0.000135
2.605000 -0.000638 0.000195 0.000132
2.610000 -0.000502 0.000182 0.000126
2.615000 -0.000343 0.000159 0.000118
2.620000 -0.000167 0.000124 0.000108
2.625000 0.000018 0.000076 0.000099
2.630000 0.000206 0.000014 0.000090
2.635000 0.000390 -0.000060 0.000082
2.640000 0.000565 -0.000146 0.000074
2.645000 0.000729 -0.000241 0.000067
2.650000 0.000881 -0.000340 0.000060
2.655000 0.001020 -0.000441 0.000052
2.660000 0.001149 -0.000541 0.000044
2.665000 0.001269 -0.000635 0.000036
2.670000 0.001383 -0.000721 0.000029
2.675000 0.001490 -0.000798 0.000021
2.680000 0.001591 -0.000862 0.000015
2.685000 0.001685 -0.000913 0.000010
2.690000 0.001770 -0.000950 0.000006
2.695000 0.001841 -0.000972 0.000003
2.700000 0.001894 -0.000977 0.000002
2.705000 0.001923 -0.000964 0.000003
2.710000 0.001923 -0.000933 0.000004
2.715000 0.001885 -0.000880 0.000005
2.720000 0.001804 -0.000806 0.000007
2.725000 0.001674 -0.000709 0.000007
2.730000 0.001489 -0.000589 0.000007
2.735000 0.001246 -0.000446 0.000007
2.740000 0.000945 -0.000282 0.000006
2.745000 0.000586 -0.000099 0.000005
2.750000 0.000173 0.000100 0.000006
2.755000 -0.000288 0.000310 0.000009
2.760000 -0.000786 0.000527 0.000016
2.765000 -0.001310 0.000747 0.000026
2.770000 -0.001845 0.000966 0.000039
2.775000 -0.002376 0.001177 0.000056
2.780000 -0.002884 0.001377 0.000076
2.785000 -0.003351 0.001560 0.000097
2.790000 -0.003758 0.001723 0.000119
2.795000 -0.004090 0.001859 0.000140
2.800000 -0.004331 0.001965 0.000161
2.805000 -0.004470 0.002035 0.000179
2.810000 -0.004499 0.002066 0.000194
2.815000 -0.004414 0.002053 0.000205
2.820000 -0.004215 0.001993 0.000212
2.825000 -0.003906 0.001884 0.000213
2.830000 -0.003495 0.001726 0.000209
2.835000 -0.002990 0.001518 0.000200
2.840000 -0.002405 0.001263 0.000187
2.845000 -0.001753 0.000964 0.000168
2.850000 -0.001050 0.000628 0.000147
2.855000 -0.000312 0.000261 0.000122
2.860000 0.000444 -0.000127 0.000096
2.865000 0.001202 -0.000527 0.000068
2.870000 0.001944 -0.000926 0.000040
2.875000 0.002655 -0.001315 0.000011
2.880000 0.003318 -0.001680 -0.000019
2.885000 0.003918 -0.002011 -0.000048
2.890000 0.004442 -0.002299 -0.000077
2.895000 0.004875 -0.002534 -0.000104
2.900000 0.005206 -0.002709 -0.000130
2.905000 0.005424 -0.002819 -0.000154
2.910000 0.005522 -0.002859 -0.000175
2.915000 0.005492 -0.002827 -0.000193
2.920000 0.005331 -0.002722 -0.000207
2.925000 0.005040 -0.002546 -0.000217
2.930000 0.004620 -0.002301 -0.000223
2.935000 0.004078 -0.001992 -0.000224
2.940000 0.003424 -0.001627 -0.000221
2.945000 0.002672 -0.001213 -0.000213
2.950000 0.001838 -0.000763 -0.000202
2.955000 0.000941 -0.000289 -0.000185
2.960000 0.000004 0.000195 -0.000165
2.965000 -0.000947 0.000675 -0.000142
2.970000 -0.001885 0.001137 -0.000114
2.975000 -0.002782 0.001565 -0.000084
2.980000 -0.003609 0.001948 -0.000052
2.985000 -0.004337 0.002273 -0.000018
2.990000 -0.004940 0.002532 0.000017
2.995000 -0.005396 0.002717 0.000051
3.000000 -0.005686 0.002821 0.000085
3.005000 -0.005798 0.002842 0.000116
3.010000 -0.005724 0.002778 0.000143
3.015000 -0.005466 0.002631 0.000166
3.020000 -0.005031 0.002405 0.000184
3.025000 -0.004432 0.002106 0.000196
3.030000 -0.003690 0.001743 0.000203
3.035000 -0.002832 0.001328 0.000203
3.040000 -0.001887 0.000874 0.000197
3.045000 -0.000891 0.000395 0.000185
3.050000 0.000122 -0.000093 0.000168
3.055000 0.001114 -0.000574 0.000147
3.060000 0.002051 -0.001034 0.000122
3.065000 0.002898 -0.001456 0.000096
3.070000 0.003627 -0.001826 0.000068
3.075000 0.004213 -0.002132 0.000040
3.080000 0.004639 -0.002364 0.000014
3.085000 0.004891 -0.002512 -0.000010
3.090000 0.004966 -0.002572 -0.000031
3.095000 0.004863 -0.002540 -0.000049
3.100000 0.004591 -0.002418 -0.000064
3.105000 0.004164 -0.002210 -0.000075
3.110000 0.003602 -0.001926 -0.000082
3.115000 0.002927 -0.001575 -0.000085
3.120000 0.002169 -0.001172 -0.000085
3.125000 0.001356 -0.000733 -0.000080
3.130000 0.000521 -0.000274 -0.000071
3.135000 -0.000307 0.000187 -0.000059
3.140000 -0.001098 0.000633 -0.000043
3.145000 -0.001823 0.001049 -0.000026
3.150000 -0.002458 0.001419 -0.000008
3.155000 -0.002983 0.001729 0.000010
3.160000 -0.003382 0.001970 0.000026
3.165000 -0.003642 0.002132 0.000039
3.170000 -0.003760 0.002210 0.000050
3.175000 -0.003732 0.002201 0.000057
3.180000 -0.003564 0.002105 0.000063
3.185000 -0.003265 0.001928 0.000065
3.190000 -0.002848 0.001677 0.000066
3.195000 -0.002332 0.001363 0.000066
3.200000 -0.001736 0.001000 0.000063
3.205000 -0.001083 0.000605 0.000059
3.210000 -0.000399 0.000193 0.000053
3.215000 0.000291 -0.000216 0.000045
3.220000 0.000962 -0.000608 0.000036
3.225000 0.001587 -0.000965 0.000025
3.230000 0.002144 -0.001274 0.000013
3.235000 0.002612 -0.001524 -0.000000
3.240000 0.002973 -0.001705 -0.000013
3.245000 0.003213 -0.001812 -0.000025
3.250000 0.003324 -0.001842 -0.000037
3.255000 0.003302 -0.001793 -0.000047
3.260000 0.003148 -0.001671 -0.000054
3.265000 0.002870 -0.001481 -0.000060
3.270000 0.002478 -0.001232 -0.000063
3.275000 0.001991 -0.000936 -0.000064
3.280000 0.001428 -0.000608 -0.000062
3.285000 0.000814 -0.000261 -0.000057
3.290000 0.000175 0.000089 -0.000051
3.295000 -0.000461 0.000426 -0.000042
3.300000 -0.001066 0.000737 -0.000032
3.305000 -0.001613 0.001008 -0.000021
3.310000 -0.002079 0.001229 -0.000010
3.315000 -0.002442 0.001391 0.000000
3.320000 -0.002686 0.001489 0.000010
3.325000 -0.002803 0.001519 0.000018
3.330000 -0.002787 0.001481 0.000024
3.335000 -0.002640 0.001378 0.000029
3.340000 -0.002372 0.001216 0.000031
3.345000 -0.001996 0.001002 0.000031
3.350000 -0.001532 0.000747 0.000029
3.355000 -0.001002 0.000464 0.000024
3.360000 -0.000433 0.000166 0.000018
3.365000 0.000147 -0.000133 0.000010
3.370000 0.000711 -0.000420 0.000001
3.375000 0.001230 -0.000680 -0.000010
3.380000 0.001680 -0.000902 -0.000022
3.385000 0.002041 -0.001078 -0.000033
3.390000 0.002295 -0.001201 -0.000044
3.395000 0.002432 -0.001265 -0.000054
3.400000 0.002448 -0.001270 -0.000062
3.405000 0.002345 -0.001216 -0.000067
3.410000 0.002129 -0.001107 -0.000070
3.415000 0.001815 -0.000949 -0.000070
3.420000 0.001421 -0.000749 -0.000067
3.425000 0.000969 -0.000518 -0.000061
3.430000 0.000483 -0.000267 -0.000054
3.435000 -0.000011 -0.000007 -0.000045
3.440000 -0.000488 0.000248 -0.000035
3.445000 -0.000924 0.000487 -0.000025
3.450000 -0.001297 0.000698 -0.000014
3.455000 -0.001591 0.000871 -0.000004
3.460000 -0.001792 0.000998 0.000005
3.465000 -0.001893 0.001073 0.000014
3.470000 -0.001892 0.001094 0.000021
3.475000 -0.001792 0.001060 0.000026
3.480000 -0.001602 0.000975 0.000030
3.485000 -0.001334 0.000843 0.000031
3.490000 -0.001004 0.000671 0.000030
3.495000 -0.000630 0.000469 0.000027
3.500000 -0.000233 0.000248 0.000022
3.505000 0.000166 0.000018 0.000015
3.510000 0.000546 -0.000208 0.000007
3.515000 0.000890 -0.000421 -0.000001
3.520000 0.001182 -0.000608 -0.000009
3.525000 0.001407 -0.000762 -0.000017
3.530000 0.001557 -0.000874 -0.000024
3.535000 0.001627 -0.000941 -0.000029
3.540000 0.001617 -0.000959 -0.000033
3.545000 0.001529 -0.000928 -0.000036
3.550000 0.001371 -0.000850 -0.000037
3.555000 0.001153 -0.000731 -0.000036
3.560000 0.000888 -0.000578 -0.000034
3.565000 0.000591 -0.000397 -0.000031
3.570000 0.000278 -0.000200 -0.000028
3.575000 -0.000035 0.000004 -0.000023
3.580000 -0.000332 0.000203 -0.000018
3.585000 -0.000600 0.000387 -0.000012
3.590000 -0.000825 0.000548 -0.000006
3.595000 -0.000999 0.000676 -0.000001
3.600000 -0.001115 0.000766 0.000005
3.605000 -0.001168 0.000814 0.000010
3.610000 -0.001159 0.000818 0.000015
3.615000 -0.001089 0.000778 0.000018
3.620000 -0.000964 0.000698 0.000021
3.625000 -0.000791 0.000582 0.000022
3.630000 -0.000580 0.000439 0.000022
3.635000 -0.000342 0.000274 0.000020
3.640000 -0.000089 0.000099 0.000017
3.645000 0.000167 -0.000077 0.000014
3.650000 0.000412 -0.000246 0.000009
3.655000 0.000635 -0.000397 0.000004
3.660000 0.000825 -0.000524 -0.000001
3.665000 0.000974 -0.000619 -0.000006
3.670000 0.001074 -0.000680 -0.000011
3.675000 0.001122 -0.000702 -0.000015
3.680000 0.001116 -0.000685 -0.000019
3.685000 0.001056 -0.000632 -0.000023
3.690000 0.000947 -0.000546 -0.000025
3.695000 0.000794 -0.000431 -0.000027
3.700000 0.000607 -0.000296 -0.000027
3.705000 0.000394 -0.000148 -0.000027
3.710000 0.000167 0.000005 -0.000025
3.715000 -0.000062 0.000154 -0.000023
3.720000 -0.000281 0.000292 -0.000021
3.725000 -0.000479 0.000410 -0.000017
3.730000 -0.000646 0.000504 -0.000014
3.735000 -0.000774 0.000567 -0.000011
3.740000 -0.000855 0.000598 -0.000007
3.745000 -0.000886 0.000595 -0.000004
3.750000 -0.000865 0.000558 -0.000001
3.755000 -0.000794 0.000491 0.000001
3.760000 -0.000677 0.000398 0.000003
3.765000 -0.000520 0.000285 0.000004
3.770000 -0.000331 0.000157 0.000005
3.775000 -0.000122 0.000024 0.000004
3.780000 0.000097 -0.000108 0.000003
3.785000 0.000312 -0.000231 0.000002
3.790000 0.000514 -0.000339 -0.000000
3.795000 0.000689 -0.000426 -0.000003
3.800000 0.000828 -0.000487 -0.000006
3.805000 0.000923 -0.000520 -0.000009
3.810000 0.000970 -0.000523 -0.000012
3.815000 0.000964 -0.000498 -0.000015
3.820000 0.000908 -0.000445 -0.000017
3.825000 0.000804 -0.000369 -0.000018
3.830000 0.000658 -0.000273 -0.000019
3.835000 0.000480 -0.000164 -0.000019
3.840000 0.000280 -0.000048 -0.000018
3.845000 0.000068 0.000069 -0.000016
3.850000 -0.000141 0.000180 -0.000013
3.855000 -0.000336 0.000279 -0.000010
3.860000 -0.000506 0.000360 -0.000006
3.865000 -0.000641 0.000420 -0.000002
3.870000 -0.000733 0.000456 0.000001
3.875000 -0.000776 0.000465 0.000004
3.880000 -0.000770 0.000448 0.000007
3.885000 -0.000714 0.000407 0.000009
3.890000 -0.000613 0.000344 0.000011
3.895000 -0.000472 0.000264 0.000011
3.900000 -0.000302 0.000170 0.000011
3.905000 -0.000111 0.000069 0.000010
3.910000 0.000088 -0.000033 0.000009
3.915000 0.000283 -0.000131 0.000006
3.920000 0.000463 -0.000219 0.000004
3.925000 0.000616 -0.000292 0.000001
3.930000 0.000734 -0.000347 -0.000003
3.935000 0.000810 -0.000380 -0.000006
3.940000 0.000840 -0.000391 -0.000009
3.945000 0.000823 -0.000380 -0.000012
3.950000 0.000761 -0.000347 -0.000015
3.955000 0.000658 -0.000295 -0.000018
3.960000 0.000522 -0.000227 -0.000019
3.965000 0.000360 -0.000149 -0.000020
3.970000 0.000185 -0.000064 -0.000020
3.975000 0.000007 0.000023 -0.000020
3.980000 -0.000163 0.000105 -0.000018
3.985000 -0.000314 0.000179 -0.000017
3.990000 -0.000438 0.000240 -0.000014
3.995000 -0.000527 0.000285 -0.000012
4.000000 -0.000576 0.000310 -0.000009
4.005000 -0.000584 0.000315 -0.000007
4.010000 -0.000550 0.000300 -0.000004
4.015000 -0.000478 0.000266 -0.000002
4.020000 -0.000373 0.000215 0.000000
4.025000 -0.000242 0.000150 0.000002
4.030000 -0.000094 0.000076 0.000003
4.035000 0.000062 -0.000003 0.000004
4.040000 0.000215 -0.000082 0.000005
4.045000 0.000355 -0.000156 0.000005
4.050000 0.000474 -0.000220 0.000005
4.055000 0.000566 -0.000271 0.000005
4.060000 0.000624 -0.000306 0.000004
4.065000 0.000645 -0.000322 0.000004
4.070000 0.000629 -0.000318 0.000004
4.075000 0.000578 -0.000295 0.000003
4.080000 0.000494 -0.000254 0.000003
4.085000 0.000385 -0.000198 0.000003
4.090000 0.000257 -0.000129 0.000003
4.095000 0.000119 -0.000052 0.000003
4.100000 -0.000021 0.000029 0.000003
4.105000 -0.000154 0.000110 0.000003
4.110000 -0.000272 0.000184 0.000003
4.115000 -0.000367 0.000249 0.000003
4.120000 -0.000436 0.000300 0.000002
4.125000 -0.000473 0.000335 0.000002
4.130000 -0.000479 0.000352 0.000001
4.135000 -0.000452 0.000350 -0.000001
4.140000 -0.000396 0.000328 -0.000002
4.145000 -0.000314 0.000289 -0.000004
4.150000 -0.000213 0.000235 -0.000006
4.155000 -0.000098 0.000169 -0.000009
4.160000 0.000023 0.000094 -0.000011
4.165000 0.000143 0.000015 -0.000013
4.170000 0.000255 -0.000063 -0.000014
4.175000 0.000352 -0.000136 -0.000015
4.180000 0.000430 -0.000200 -0.000016
4.185000 0.000485 -0.000251 -0.000016
4.190000 0.000514 -0.000287 -0.000016
4.195000 0.000518 -0.000307 -0.000015
4.200000 0.000496 -0.000308 -0.000013
4.205000 0.000451 -0.000293 -0.000011
4.210000 0.000386 -0.000261 -0.000008
4.215000 0.000307 -0.000216 -0.000004
4.220000 0.000219 -0.000160 0.000001
4.225000 0.000126 -0.000098 0.000006
4.230000 0.000036 -0.000033 0.000011
4.235000 -0.000048 0.000032 0.000017
4.240000 -0.000121 0.000092 0.000022
4.245000 -0.000178 0.000143 0.000028
4.250000 -0.000217 0.000183 0.000033
4.255000 -0.000238 0.000210 0.000039
4.260000 -0.000239 0.000222 0.000043
4.265000 -0.000222 0.000219 0.000047
4.270000 -0.000188 0.000202 0.000049
4.275000 -0.000141 0.000173 0.000051
4.280000 -0.000085 0.000133 0.000051
4.285000 -0.000023 0.000086 0.000050
4.290000 0.000041 0.000035 0.000048
4.295000 0.000102 -0.000018 0.000045
4.300000 0.000157 -0.000067 0.000041
4.305000 0.000202 -0.000111 0.000036
4.310000 0.000235 -0.000146 0.000030
4.315000 0.000254 -0.000170 0.000024
4.320000 0.000259 -0.000182 0.000016
4.325000 0.000250 -0.000181 0.000009
4.330000 0.000227 -0.000167 0.000001
4.335000 0.000193 -0.000142 -0.000007
4.340000 0.000150 -0.000107 -0.000015
4.345000 0.000101 -0.000065 -0.000022
4.350000 0.000049 -0.000019 -0.000029
4.355000 -0.000002 0.000028 -0.000035
4.360000 -0.000049 0.000073 -0.000041
4.365000 -0.000090 0.000114 -0.000045
4.370000 -0.000121 0.000146 -0.000048
4.375000 -0.000140 0.000169 -0.000049
4.380000 -0.000147 0.000180 -0.000049
4.385000 -0.000141 0.000180 -0.000048
4.390000 -0.000122 0.000168 -0.000046
4.395000 -0.000091 0.000144 -0.000042
4.400000 -0.000050 0.000112 -0.000037
4.405000 -0.000001 0.000072 -0.000031
4.410000 0.000053 0.000027 -0.000024
4.415000 0.000108 -0.000019 -0.000016
4.420000 0.000163 -0.000064 -0.000008
4.425000 0.000214 -0.000105 0.000001
4.430000 0.000257 -0.000139 0.000010
4.435000 0.000291 -0.000164 0.000018
4.440000 0.000313 -0.000179 0.000027
4.445000 0.000323 -0.000183 0.000034
4.450000 0.000319 -0.000175 0.000041
4.455000 0.000301 -0.000157 0.000047
4.460000 0.000271 -0.000129 0.000052
4.465000 0.000230 -0.000094 0.000055
4.470000 0.000181 -0.000053 0.000057
4.475000 0.000126 -0.000009 0.000058
4.480000 0.000068 0.000034 0.000056
4.485000 0.000011 0.000074 0.000054
4.490000 -0.000043 0.000109 0.000050
4.495000 -0.000090 0.000136 0.000044
4.500000 -0.000127 0.000154 0.000038
4.505000 -0.000153 0.000161 0.000030
4.510000 -0.000166 0.000158 0.000022
4.515000 -0.000165 0.000145 0.000013
4.520000 -0.000150 0.000123 0.000004
4.525000 -0.000123 0.000093 -0.000005
4.530000 -0.000084 0.000058 -0.000014
4.535000 -0.000036 0.000020 -0.000023
4.540000 0.000017 -0.000018 -0.000031
4.545000 0.000074 -0.000055 -0.000038
4.550000 0.000130 -0.000087 -0.000043
4.555000 0.000182 -0.000112 -0.000048
4.560000 0.000227 -0.000129 -0.000051
4.565000 0.000262 -0.000137 -0.000052
4.570000 0.000286 -0.000135 -0.000052
4.575000 0.000296 -0.000124 -0.000050
4.580000 0.000293 -0.000104 -0.000047
4.585000 0.000277 -0.000077 -0.000042
4.590000 0.000248 -0.000044 -0.000036
4.595000 0.000209 -0.000009 -0.000030
4.600000 0.000163 0.000028 -0.000022
4.605000 0.000112 0.000062 -0.000014
4.610000 0.000059 0.000093 -0.000006
4.615000 0.000009 0.000117 0.000002
4.620000 -0.000035 0.000134 0.000010
4.625000 -0.000071 0.000142 0.000017
4.630000 -0.000097 0.000140 0.000024
4.635000 -0.000109 0.000129 0.000029
4.640000 -0.000109 0.000110 0.000034
4.645000 -0.000095 0.000083 0.000037
4.650000 -0.000069 0.000050 0.000039
4.655000 -0.000032 0.000013 0.000040
4.660000 0.000012 -0.000025 0.000039
4.665000 0.000062 -0.000061 0.000036
4.670000 0.000113 -0.000095 0.000033
4.675000 0.000163 -0.000123 0.000028
4.680000 0.000207 -0.000144 0.000023
4.685000 0.000243 -0.000157 0.000017
4.690000 0.000267 -0.000160 0.000010
4.695000 0.000280 -0.000154 0.000004
4.700000 0.000278 -0.000139 -0.000003
4.705000 0.000263 -0.000117 -0.000009
4.710000 0.000235 -0.000087 -0.000014
4.715000 0.000197 -0.000053 -0.000019
4.720000 0.000150 -0.000016 -0.000023
4.725000 0.000098 0.000021 -0.000026
4.730000 0.000044 0.000057 -0.000029
4.735000 -0.000008 0.000089 -0.000030
4.740000 -0.000055 0.000114 -0.000030
4.745000 -0.000094 0.000133 -0.000029
4.750000 -0.000121 0.000144 -0.000027
4.755000 -0.000136 0.000145 -0.000025
4.760000 -0.000136 0.000139 -0.000022
4.765000 -0.000123 0.000124 -0.000018
4.770000 -0.000097 0.000102 -0.000014
4.775000 -0.000059 0.000075 -0.000009
4.780000 -0.000014 0.000044 -0.000005
4.785000 0.000038 0.000011 -0.000001
4.790000 0.000091 -0.000022 0.000003
4.795000 0.000143 -0.000053 0.000006
4.800000 0.000190 -0.000079 0.000009
4.805000 0.000229 -0.000100 0.000011
4.810000 0.000257 -0.000114 0.000012
4.815000 0.000273 -0.000121 0.000013
4.820000 0.000275 -0.000121 0.000013
4.825000 0.000264 -0.000113 0.000013
4.830000 0.000240 -0.000099 0.000012
4.835000 0.000206 -0.000079 0.000010
4.840000 0.000163 -0.000055 0.000008
4.845000 0.000115 -0.000029 0.000006
4.850000 0.000064 -0.000003 0.000003
4.855000 0.000015 0.000023 0.000000
4.860000 -0.000029 0.000046 -0.000002
4.865000 -0.000066 0.000066 -0.000005
4.870000 -0.000093 0.000080 -0.000007
4.875000 -0.000108 0.000088 -0.000009
4.880000 -0.000111 0.000090 -0.000011
4.885000 -0.000102 0.000085 -0.000012
4.890000 -0.000081 0.000075 -0.000013
4.895000 -0.000050 0.000061 -0.000014
4.900000 -0.000011 0.000043 -0.000014
4.905000 0.000032 0.000022 -0.000013
4.910000 0.000077 0.000001 -0.000013
4.915000 0.000121 -0.000019 -0.000012
4.920000 0.000159 -0.000038 -0.000010
4.925000 0.000191 -0.000053 -0.000009
4.930000 0.000213 -0.000064 -0.000007
4.935000 0.000225 -0.000070 -0.000006
4.940000 0.000225 -0.000070 -0.000004
4.945000 0.000214 -0.000066 -0.000002
4.950000 0.000193 -0.000057 -0.000001
4.955000 0.000164 -0.000043 0.000000
4.960000 0.000128 -0.000027 0.000002
4.965000 0.000088 -0.000010 0.000002
4.970000 0.000047 0.000008 0.000003
4.975000 0.000009 0.000025 0.000003
4.980000 -0.000025 0.000040 0.000003
4.985000 -0.000052 0.000052 0.000003
4.990000 -0.000070 0.000059 0.000003
4.995000 -0.000078 0.000062 0.000002
5.000000 -0.000075 0.000060 0.000001
5.005000 -0.000062 0.000054 -0.000000
5.010000 -0.000040 0.000043 -0.000002
5.015000 -0.000011 0.000030 -0.000003
5.020000 0.000024 0.000014 -0.000004
5.025000 0.000061 -0.000004 -0.000006
5.030000 0.000098 -0.000021 -0.000007
5.035000 0.000133 -0.000037 -0.000007
5.040000 0.000163 -0.000050 -0.000008
5.045000 0.000185 -0.000060 -0.000008
5.050000 0.000199 -0.000066 -0.000008
5.055000 0.000203 -0.000068 -0.000008
5.060000 0.000198 -0.000064 -0.000008
5.065000 0.000183 -0.000056 -0.000007
5.070000 0.000160 -0.000045 -0.000006
5.075000 0.000130 -0.000030 -0.000005
5.080000 0.000096 -0.000012 -0.000004
5.085000 0.000060 0.000006 -0.000003
5.090000 0.000025 0.000024 -0.000002
5.095000 -0.000008 0.000040 -0.000001
5.100000 -0.000034 0.000054 -0.000001
5.105000 -0.000054 0.000065 0.000000
5.110000 -0.000065 0.000071 0.000000
5.115000 -0.000067 0.000073 0.000001
5.120000 -0.000059 0.000069 0.000001
5.125000 -0.000043 0.000061 0.000001
5.130000 -0.000019 0.000049 0.000000
5.135000 0.000010 0.000034 -0.000000
5.140000 0.000043 0.000016 -0.000001
5.145000 0.000077 -0.000003 -0.000002
5.150000 0.000111 -0.000022 -0.000003
5.155000 0.000140 -0.000040 -0.000004
5.160000 0.000165 -0.000056 -0.000005
5.165000 0.000182 -0.000068 -0.000005
5.170000 0.000191 -0.000076 -0.000006
5.175000 0.000191 -0.000079 -0.000006
5.180000 0.000183 -0.000077 -0.000007
5.185000 0.000167 -0.000070 -0.000007
5.190000 0.000144 -0.000059 -0.000007
5.195000 0.000116 -0.000044 -0.000006
5.200000 0.000086 -0.000026 -0.000006
5.205000 0.000054 -0.000007 -0.000005
5.210000 0.000024 0.000013 -0.000005
5.215000 -0.000003 0.000032 -0.000004
5.220000 -0.000024 0.000049 -0.000003
5.225000 -0.000039 0.000062 -0.000002
5.230000 -0.000047 0.000072 -0.000001
5.235000 -0.000047 0.000077 -0.000001
5.240000 -0.000039 0.000077 -0.000000
5.245000 -0.000025 0.000072 0.000000
5.250000 -0.000005 0.000063 0.000000
5.255000 0.000019 0.000049 0.000000
5.260000 0.000046 0.000033 0.000000
5.265000 0.000074 0.000014 0.000000
5.270000 0.000100 -0.000005 -0.000000
5.275000 0.000123 -0.000024 -0.000001
5.280000 0.000142 -0.000041 -0.000001
5.285000 0.000156 -0.000056 -0.000002
5.290000 0.000163 -0.000066 -0.000002
5.295000 0.000163 -0.000073 -0.000003
5.300000 0.000157 -0.000074 -0.000003
5.305000 0.000145 -0.000071 -0.000003
5.310000 0.000129 -0.000064 -0.000004
5.315000 0.000109 -0.000052 -0.000004
5.320000 0.000087 -0.000038 -0.000004
5.325000 0.000064 -0.000021 -0.000003
5.330000 0.000042 -0.000003 -0.000003
5.335000 0.000023 0.000015 -0.000003
5.340000 0.000007 0.000031 -0.000002
5.345000 -0.000004 0.000045 -0.000002
5.350000 -0.000010 0.000056 -0.000001
5.355000 -0.000010 0.000062 -0.000001
5.360000 -0.000005 0.000065 -0.000000
5.365000 0.000005 0.000063 -0.000000
5.370000 0.000018 0.000057 0.000000
5.375000 0.000035 0.000047 0.000000
5.380000 0.000054 0.000034 0.000000
5.385000 0.000073 0.000020 0.000000
5.390000 0.000092 0.000004 0.000000
5.395000 0.000108 -0.000012 -0.000000
5.400000 0.000122 -0.000026 -0.000000
5.405000 0.000132 -0.000039 -0.000001
5.410000 0.000138 -0.000049 -0.000001
5.415000 0.000139 -0.000055 -0.000001
5.420000 0.000136 -0.000057 -0.000002
5.425000 0.000129 -0.000056 -0.000002
5.430000 0.000119 -0.000051 -0.000002
5.435000 0.000106 -0.000042 -0.000002
5.440000 0.000091 -0.000032 -0.000002
5.445000 0.000076 -0.000019 -0.000002
5.450000 0.000061 -0.000006 -0.000002
5.455000 0.000048 0.000008 -0.000002
5.460000 0.000037 0.000020 -0.000002
5.465000 0.000029 0.000031 -0.000002
5.470000 0.000024 0.000039 -0.000002
5.475000 0.000024 0.000045 -0.000001
5.480000 0.000026 0.000047 -0.000001
5.485000 0.000033 0.000045 -0.000001
5.490000 0.000042 0.000041 -0.000001
5.495000 0.000053 0.000034 -0.000001
5.500000 0.000065 0.000024 -0.000001
5.505000 0.000078 0.000013 -0.000000
5.510000 0.000090 0.000002 -0.000000
5.515000 0.000101 -0.000010 -0.000000
5.520000 0.000110 -0.000020 -0.000000
5.525000 0.000117 -0.000029 -0.000000
5.530000 0.000120 -0.000036 -0.000001
5.535000 0.000121 -0.000040 -0.000001
5.540000 0.000118 -0.000042 -0.000001
5.545000 0.000113 -0.000040 -0.000001
5.550000 0.000106 -0.000036 -0.000001
5.555000 0.000096 -0.000029 -0.000001
5.560000 0.000086 -0.000020 -0.000001
5.565000 0.000076 -0.000010 -0.000001
5.570000 0.000066 -0.000000 -0.000001
5.575000 0.000058 0.000010 -0.000001
5.580000 0.000051 0.000019 -0.000001
5.585000 0.000046 0.000027 -0.000001
5.590000 0.000043 0.000032 -0.000001
5.595000 0.000043 0.000035 -0.000001
5.600000 0.000045 0.000035 -0.000001
5.605000 0.000049 0.000032 -0.000001
5.610000 0.000056 0.000027 -0.000001
5.615000 0.000063 0.000020 -0.000000
5.620000 0.000071 0.000012 -0.000000
5.625000 0.000079 0.000003 -0.000000
5.630000 0.000087 -0.000007 -0.000000
5.635000 0.000094 -0.000016 -0.000000
5.640000 0.000099 -0.000023 -0.000000
5.645000 0.000103 -0.000029 -0.000000
5.650000 0.000105 -0.000033 -0.000000
5.655000 0.000105 -0.000034 -0.000000
5.660000 0.000103 -0.000033 -0.000000
5.665000 0.000099 -0.000030 -0.000000
5.670000 0.000094 -0.000024 -0.000000
5.675000 0.000088 -0.000017 -0.000000
5.680000 0.000081 -0.000008 -0.000000
5.685000 0.000073 0.000001 -0.000000
5.690000 0.000067 0.000010 -0.000000
5.695000 0.000060 0.000018 -0.000000
5.700000 0.000055 0.000024 -0.000000
5.705000 0.000051 0.000029 -0.000000
5.710000 0.000048 0.000031 -0.000000
5.715000 0.000048 0.000031 0.000000
5.720000 0.000049 0.000028 0.000000
5.725000 0.000051 0.000024 0.000000
5.730000 0.000055 0.000017 0.000000
5.735000 0.000060 0.000009 0.000000
5.740000 0.000066 -0.000000 0.000000
5.745000 0.000072 -0.000010 0.000000
5.750000 0.000078 -0.000018 0.000001
5.755000 0.000084 -0.000026 0.000001
5.760000 0.000089 -0.000032 0.000001
5.765000 0.000092 -0.000036 0.000001
5.770000 0.000094 -0.000037 0.000001
5.775000 0.000095 -0.000037 0.000001
5.780000 0.000093 -0.000033 0.000001
5.785000 0.000090 -0.000028 0.000001
5.790000 0.000085 -0.000021 0.000001
5.795000 0.000079 -0.000013 0.000001
5.800000 0.000072 -0.000005 0.000001
5.805000 0.000065 0.000004 0.000001
5.810000 0.000057 0.000011 0.000001
5.815000 0.000049 0.000018 0.000001
5.820000 0.000043 0.000022 0.000001
5.825000 0.000037 0.000025 0.000001
5.830000 0.000033 0.000025 0.000001
5.835000 0.000030 0.000022 0.000001
5.840000 0.000030 0.000018 0.000001
5.845000 0.000031 0.000011 0.000001
5.850000 0.000033 0.000002 0.000001
5.855000 0.000038 -0.000007 0.000001
5.860000 0.000043 -0.000017 0.000001
5.865000 0.000048 -0.000027 0.000001
5.870000 0.000054 -0.000036 0.000001
5.875000 0.000060 -0.000044 0.000001
5.880000 0.000064 -0.000050 0.000002
5.885000 0.000068 -0.000054 0.000002
5.890000 0.000069 -0.000055 0.000002
5.895000 0.000069 -0.000054 0.000002
5.900000 0.000067 -0.000051 0.000002
5.905000 0.000063 -0.000046 0.000002
5.910000 0.000057 -0.000039 0.000002
5.915000 0.000050 -0.000031 0.000002
5.920000 0.000042 -0.000023 0.000002
5.925000 0.000033 -0.000015 0.000002
5.930000 0.000023 -0.000008 0.000002
5.935000 0.000015 -0.000002 0.000002
5.940000 0.000007 0.000002 0.000002
5.945000 0.000001 0.000004 0.000002
5.950000 -0.000004 0.000003 0.000002
5.955000 -0.000006 0.000001 0.000002
5.960000 -0.000006 -0.000004 0.000002
5.965000 -0.000004 -0.000010 0.000002
5.970000 0.000000 -0.000018 0.000002
5.975000 0.000006 -0.000027 0.000002
5.980000 0.000014 -0.000036 0.000002
5.985000 0.000022 -0.000044 0.000002
5.990000 0.000031 -0.000051 0.000002
5.995000 0.000040 -0.000057 0.000002
