0.000000 0.000000 0.000000 0.000000
0.005000 0.000000 0.000000 0.000000
0.010000 0.000000 0.000000 0.000000
0.015000 0.000000 0.000000 0.000000
0.020000 0.000000 0.000000 0.000000
0.025000 0.000000 0.000000 0.000000
0.030000 0.000000 0.000000 0.000000
0.035000 0.000000 0.000000 0.000000
0.040000 -0.000000 0.000000 -0.000000
0.045000 -0.000000 0.000000 -0.000000
0.050000 -0.000000 0.000000 -0.000000
0.055000 -0.000000 0.000000 -0.000000
0.060000 -0.000000 0.000000 -0.000000
0.065000 -0.000000 0.000000 -0.000000
0.070000 -0.000000 0.000000 -0.000000
0.075000 -0.000000 0.000000 -0.000000
0.080000 -0.000000 0.000000 -0.000000
0.085000 -0.000000 0.000000 -0.000000
0.090000 -0.000000 0.000000 -0.000000
0.095000 -0.000000 0.000000 -0.000000
0.100000 -0.000000 0.000000 -0.000000
0.105000 -0.000000 0.000000 -0.000000
0.110000 -0.000000 0.000000 -0.000000
0.115000 -0.000000 0.000000 -0.000000
0.120000 -0.000000 0.000000 -0.000000
0.125000 -0.000000 0.000000 -0.000000
0.130000 -0.000000 0.000000 -0.000000
0.135000 -0.000000 0.000000 -0.000000
0.140000 -0.000000 0.000000 0.000000
0.145000 0.000000 0.000000 0.000000
0.150000 0.000000 0.000000 0.000000
0.155000 0.000000 0.000000 0.000000
0.160000 0.000000 0.000000 0.000000
0.165000 -0.000000 0.000000 0.000000
0.170000 -0.000000 0.000000 -0.000000
0.175000 -0.000000 0.000000 -0.000000
0.180000 -0.000000 0.000000 -0.000000
0.185000 -0.000000 0.000000 -0.000000
0.190000 0.000000 0.000000 -0.000000
0.195000 0.000000 0.000000 -0.000000
0.200000 0.000000 0.000000 0.000000
0.205000 0.000000 0.000000 0.000000
0.210000 -0.000000 0.000000 0.000000
0.215000 -0.000000 0.000000 0.000000
0.220000 -0.000000 0.000000 0.000000
0.225000 -0.000000 0.000000 -0.000000
0.230000 0.000000 0.000000 -0.000000
0.235000 0.000000 0.000000 -0.000000
0.240000 0.000000 0.000000 -0.000000
0.245000 0.000000 0.000000 -0.000000
0.250000 0.000000 0.000000 0.000000
0.255000 -0.000000 0.000000 0.000000
0.260000 -0.000000 0.000000 0.000000
0.265000 -0.000000 0.000000 0.000000
0.270000 -0.000000 0.000000 -0.000000
0.275000 -0.000000 0.000000 -0.000000
0.280000 0.000000 0.000000 -0.000000
0.285000 0.000000 0.000000 -0.000000
0.290000 0.000000 0.000000 -0.000000
0.295000 0.000000 0.000000 0.000000
0.300000 0.000000 0.000000 0.000000
0.305000 -0.000000 0.000000 0.000000
0.310000 -0.000000 0.000000 0.000000
0.315000 -0.000000 0.000000 -0.000000
0.320000 -0.000000 0.000000 -0.000000
0.325000 -0.000000 0.000000 -0.000000
0.330000 0.000000 0.000000 -0.000000
0.335000 0.000000 0.000000 0.000000
0.340000 0.000000 0.000000 0.000000
0.345000 -0.000000 0.000000 0.000000
0.350000 -0.000000 -0.000000 0.000000
0.355000 -0.000000 -0.000000 0.000000
0.360000 -0.000000 0.000000 -0.000000
0.365000 0.000000 0.000000 -0.000000
0.370000 0.000000 0.000000 -0.000000
0.375000 0.000000 0.000000 -0.000000
0.380000 0.000000 0.000000 0.000000
0.385000 0.000000 0.000000 -0.000000
0.390000 -0.000000 -0.000000 -0.000000
0.395000 -0.000000 -0.000000 -0.000000
0.400000 -0.000000 -0.000000 -0.000000
0.405000 -0.000000 -0.000000 -0.000000
0.410000 -0.000000 -0.000000 -0.000000
0.415000 0.000000 0.000000 0.000000
0.420000 0.000000 0.000000 0.000000
0.425000 0.000000 0.000000 0.000000
0.430000 0.000000 0.000000 0.000000
0.435000 0.000000 0.000000 0.000000
0.440000 0.000000 0.000000 -0.000000
0.445000 -0.000001 -0.000000 -0.000000
0.450000 -0.000002 -0.000000 -0.000001
0.455000 -0.000004 -0.000000 -0.000002
0.460000 -0.000005 -0.000000 -0.000003
0.465000 -0.000005 -0.000000 -0.000002
0.470000 -0.000001 -0.000000 0.000000
0.475000 0.000008 0.000000 0.000006
0.480000 0.000024 0.000000 0.000015
0.485000 0.000046 0.000000 0.000028
0.490000 0.000067 0.000000 0.000040
0.495000 0.000078 0.000000 0.000045
0.500000 0.000059 0.000000 0.000031
0.505000 -0.000014 -0.000000 -0.000016
0.510000 -0.000165 0.000000 -0.000110
0.515000 -0.000409 -0.000000 -0.000259
0.520000 -0.000738 -0.000000 -0.000457
0.525000 -0.001103 -0.000000 -0.000674
0.530000 -0.001398 -0.000000 -0.000843
0.535000 -0.001442 -0.000000 -0.000857
0.540000 -0.000981 -0.000000 -0.000565
0.545000 0.000302 -0.000000 0.000225
0.550000 0.002760 -0.000000 0.001722
0.555000 0.006729 -0.000000 0.004129
0.560000 0.012470 -0.000000 0.007608
0.565000 0.020104 -0.000000 0.012242
0.570000 0.029558 -0.000000 0.018007
0.575000 0.040532 0.000000 0.024747
0.580000 0.052502 0.000000 0.032181
0.585000 0.064767 0.000000 0.039916
0.590000 0.076524 0.000000 0.047495
0.595000 0.086974 0.000000 0.054445
0.600000 0.095426 0.000000 0.060336
0.605000 0.101390 0.000000 0.064832
0.610000 0.104625 0.000000 0.067722
0.615000 0.105139 0.000000 0.068927
0.620000 0.103151 -0.000000 0.068491
0.625000 0.099004 -0.000000 0.066542
0.630000 0.093078 -0.000000 0.063257
0.635000 0.085706 -0.000000 0.058822
0.640000 0.077134 -0.000000 0.053407
0.645000 0.067514 -0.000000 0.047164
0.650000 0.056941 -0.000000 0.040228
0.655000 0.045519 0.000000 0.032745
0.660000 0.033418 0.000000 0.024888
0.665000 0.020919 0.000000 0.016871
0.670000 0.008412 0.000000 0.008947
0.675000 -0.003635 0.000000 0.001389
0.680000 -0.014747 0.000000 -0.005534
0.685000 -0.024505 -0.000000 -0.011588
0.690000 -0.032607 -0.000000 -0.016598
0.695000 -0.038885 -0.000000 -0.020451
0.700000 -0.043291 -0.000001 -0.023095
0.705000 -0.045849 -0.000001 -0.024522
0.710000 -0.046600 -0.000001 -0.024743
0.715000 -0.045566 -0.000001 -0.023774
0.720000 -0.042736 -0.000001 -0.021639
0.725000 -0.038096 0.000000 -0.018377
0.730000 -0.031696 0.000001 -0.014067
0.735000 -0.023712 0.000003 -0.008859
0.740000 -0.014502 0.000006 -0.002985
0.745000 -0.004617 0.000011 0.003232
0.750000 0.005242 0.000016 0.009401
0.755000 0.014311 0.000023 0.015106
0.760000 0.021881 0.000031 0.019957
0.765000 0.027425 0.000039 0.023649
0.770000 0.030682 0.000049 0.026008
0.775000 0.031702 0.000058 0.027019
0.780000 0.030824 0.000067 0.026820
0.785000 0.028597 0.000075 0.025680
0.790000 0.025668 0.000081 0.023942
0.795000 0.022657 0.000085 0.021971
0.800000 0.020049 0.000087 0.020090
0.805000 0.018129 0.000086 0.018538
0.810000 0.016963 0.000082 0.017447
0.815000 0.016441 0.000076 0.016845
0.820000 0.016338 0.000069 0.016677
0.825000 0.016414 0.000060 0.016846
0.830000 0.016488 0.000050 0.017252
0.835000 0.016503 0.000041 0.017830
0.840000 0.016536 0.000032 0.018561
0.845000 0.016776 0.000024 0.019476
0.850000 0.017469 0.000017 0.020634
0.855000 0.018844 0.000011 0.022098
0.860000 0.021049 0.000005 0.023902
0.865000 0.024114 -0.000001 0.026038
0.870000 0.027948 -0.000006 0.028451
0.875000 0.032371 -0.000011 0.031050
0.880000 0.037177 -0.000015 0.033734
0.885000 0.042186 -0.000020 0.036415
0.890000 0.047295 -0.000023 0.039033
0.895000 0.052478 -0.000025 0.041559
0.900000 0.057761 -0.000026 0.043979
0.905000 0.063163 -0.000024 0.046265
0.910000 0.068628 -0.000021 0.048346
0.915000 0.073976 -0.000015 0.050082
0.920000 0.078886 -0.000008 0.051250
0.925000 0.082927 0.000001 0.051558
0.930000 0.085613 0.000010 0.050670
0.935000 0.086494 0.000019 0.048239
0.940000 0.085227 0.000026 0.043948
0.945000 0.081622 0.000032 0.037544
0.950000 0.075659 0.000036 0.028858
0.955000 0.067449 0.000037 0.017811
0.960000 0.057190 0.000037 0.004422
0.965000 0.045110 0.000035 -0.011204
0.970000 0.031426 0.000032 -0.028873
0.975000 0.016341 0.000028 -0.048305
0.980000 0.000059 0.000025 -0.069121
0.985000 -0.017169 0.000023 -0.090845
0.990000 -0.035013 0.000021 -0.112897
0.995000 -0.053034 0.000020 -0.134603
1.000000 -0.070695 0.000020 -0.155212
1.005000 -0.087393 0.000021 -0.173933
1.010000 -0.102518 0.000023 -0.189975
1.015000 -0.115516 0.000024 -0.202601
1.020000 -0.125947 0.000025 -0.211176
1.025000 -0.133519 0.000026 -0.215212
1.030000 -0.138097 0.000026 -0.214403
1.035000 -0.139694 0.000026 -0.208648
1.040000 -0.138440 0.000025 -0.198056
1.045000 -0.134555 0.000025 -0.182945
1.050000 -0.128317 0.000024 -0.163818
1.055000 -0.120046 0.000024 -0.141341
1.060000 -0.110091 0.000024 -0.116300
1.065000 -0.098829 0.000024 -0.089570
1.070000 -0.086656 0.000025 -0.062065
1.075000 -0.073987 0.000027 -0.034699
1.080000 -0.061242 0.000029 -0.008346
1.085000 -0.048834 0.000031 0.016194
1.090000 -0.037151 0.000033 0.038233
1.095000 -0.026533 0.000036 0.057211
1.100000 -0.017258 0.000039 0.072726
1.105000 -0.009524 0.000042 0.084534
1.110000 -0.003437 0.000045 0.092558
1.115000 0.000990 0.000049 0.096883
1.120000 0.003835 0.000052 0.097737
1.125000 0.005262 0.000056 0.095469
1.130000 0.005493 0.000060 0.090528
1.135000 0.004793 0.000064 0.083423
1.140000 0.003438 0.000068 0.074698
1.145000 0.001695 0.000072 0.064895
1.150000 -0.000202 0.000076 0.054536
1.155000 -0.002057 0.000079 0.044096
1.160000 -0.003719 0.000083 0.033992
1.165000 -0.005072 0.000085 0.024578
1.170000 -0.006032 0.000088 0.016136
1.175000 -0.006535 0.000089 0.008883
1.180000 -0.006538 0.000090 0.002968
1.185000 -0.006017 0.000089 -0.001526
1.190000 -0.004981 0.000087 -0.004578
1.195000 -0.003474 0.000085 -0.006236
1.200000 -0.001582 0.000081 -0.006608
1.205000 0.000564 0.000076 -0.005864
1.210000 0.002805 0.000069 -0.004225
1.215000 0.004964 0.000062 -0.001955
1.220000 0.006875 0.000053 0.000659
1.225000 0.008395 0.000042 0.003327
1.230000 0.009433 0.000029 0.005779
1.235000 0.009947 0.000013 0.007783
1.240000 0.009953 -0.000006 0.009166
1.245000 0.009512 -0.000031 0.009823
1.250000 0.008717 -0.000061 0.009727
1.255000 0.007681 -0.000097 0.008925
1.260000 0.006519 -0.000141 0.007530
1.265000 0.005339 -0.000192 0.005708
1.270000 0.004232 -0.000253 0.003658
1.275000 0.003273 -0.000322 0.001596
1.280000 0.002513 -0.000399 -0.000271
1.285000 0.001981 -0.000485 -0.001760
1.290000 0.001686 -0.000577 -0.002735
1.295000 0.001615 -0.000674 -0.003114
1.300000 0.001739 -0.000774 -0.002877
1.305000 0.002017 -0.000875 -0.002068
1.310000 0.002395 -0.000973 -0.000789
1.315000 0.002818 -0.001065 0.000815
1.320000 0.003232 -0.001146 0.002569
1.325000 0.003586 -0.001213 0.004291
1.330000 0.003838 -0.001261 0.005804
1.335000 0.003958 -0.001286 0.006964
1.340000 0.003928 -0.001284 0.007667
1.345000 0.003746 -0.001251 0.007861
1.350000 0.003429 -0.001187 0.007554
1.355000 0.003008 -0.001088 0.006805
1.360000 0.002532 -0.000955 0.005723
1.365000 0.002059 -0.000789 0.004449
1.370000 0.001648 -0.000594 0.003141
1.375000 0.001351 -0.000372 0.001955
1.380000 0.001202 -0.000129 0.001026
1.385000 0.001211 0.000127 0.000451
1.390000 0.001361 0.000388 0.000279
1.395000 0.001612 0.000646 0.000506
1.400000 0.001908 0.000891 0.001081
1.405000 0.002184 0.001114 0.001907
1.410000 0.002386 0.001305 0.002865
1.415000 0.002471 0.001455 0.003821
1.420000 0.002420 0.001558 0.004653
1.425000 0.002235 0.001607 0.005259
1.430000 0.001937 0.001601 0.005573
1.435000 0.001562 0.001537 0.005568
1.440000 0.001151 0.001418 0.005257
1.445000 0.000745 0.001249 0.004690
1.450000 0.000382 0.001038 0.003943
1.455000 0.000089 0.000793 0.003108
1.460000 -0.000116 0.000528 0.002279
1.465000 -0.000225 0.000256 0.001542
1.470000 -0.000241 -0.000010 0.000967
1.475000 -0.000177 -0.000254 0.000595
1.480000 -0.000052 -0.000465 0.000442
1.485000 0.000111 -0.000630 0.000495
1.490000 0.000286 -0.000741 0.000718
1.495000 0.000448 -0.000792 0.001059
1.500000 0.000576 -0.000782 0.001454
1.505000 0.000657 -0.000712 0.001840
1.510000 0.000683 -0.000589 0.002164
1.515000 0.000653 -0.000421 0.002383
1.520000 0.000569 -0.000220 0.002475
1.525000 0.000441 -0.000000 0.002435
1.530000 0.000279 0.000223 0.002275
1.535000 0.000094 0.000433 0.002025
1.540000 -0.000098 0.000617 0.001722
1.545000 -0.000283 0.000762 0.001410
1.550000 -0.000442 0.000857 0.001130
1.555000 -0.000561 0.000898 0.000921
1.560000 -0.000627 0.000880 0.000809
1.565000 -0.000632 0.000806 0.000810
1.570000 -0.000578 0.000681 0.000923
1.575000 -0.000475 0.000515 0.001137
1.580000 -0.000340 0.000318 0.001425
1.585000 -0.000193 0.000105 0.001752
1.590000 -0.000058 -0.000110 0.002080
1.595000 0.000048 -0.000314 0.002367
1.600000 0.000114 -0.000493 0.002583
1.605000 0.000139 -0.000637 0.002701
1.610000 0.000126 -0.000738 0.002711
1.615000 0.000088 -0.000791 0.002612
1.620000 0.000036 -0.000797 0.002418
1.625000 -0.000019 -0.000756 0.002151
1.630000 -0.000067 -0.000674 0.001838
1.635000 -0.000107 -0.000558 0.001509
1.640000 -0.000139 -0.000416 0.001194
1.645000 -0.000166 -0.000259 0.000917
1.650000 -0.000194 -0.000096 0.000695
1.655000 -0.000226 0.000064 0.000539
1.660000 -0.000266 0.000213 0.000453
1.665000 -0.000313 0.000344 0.000430
1.670000 -0.000365 0.000453 0.000463
1.675000 -0.000416 0.000535 0.000537
1.680000 -0.000459 0.000589 0.000635
1.685000 -0.000484 0.000613 0.000743
1.690000 -0.000481 0.000607 0.000845
1.695000 -0.000444 0.000571 0.000931
1.700000 -0.000368 0.000509 0.000992
1.705000 -0.000256 0.000422 0.001024
1.710000 -0.000115 0.000313 0.001027
1.715000 0.000040 0.000188 0.001000
1.720000 0.000190 0.000052 0.000948
1.725000 0.000315 -0.000088 0.000875
1.730000 0.000398 -0.000224 0.000786
1.735000 0.000425 -0.000347 0.000686
1.740000 0.000391 -0.000450 0.000583
1.745000 0.000297 -0.000522 0.000483
1.750000 0.000151 -0.000559 0.000393
1.755000 -0.000033 -0.000554 0.000319
1.760000 -0.000237 -0.000506 0.000266
1.765000 -0.000444 -0.000417 0.000236
1.770000 -0.000638 -0.000291 0.000230
1.775000 -0.000802 -0.000137 0.000245
1.780000 -0.000924 0.000034 0.000276
1.785000 -0.000993 0.000208 0.000319
1.790000 -0.001001 0.000370 0.000366
1.795000 -0.000946 0.000506 0.000412
1.800000 -0.000828 0.000602 0.000453
1.805000 -0.000655 0.000649 0.000486
1.810000 -0.000440 0.000642 0.000508
1.815000 -0.000200 0.000579 0.000520
1.820000 0.000044 0.000465 0.000521
1.825000 0.000271 0.000310 0.000512
1.830000 0.000459 0.000128 0.000494
1.835000 0.000590 -0.000066 0.000468
1.840000 0.000654 -0.000253 0.000434
1.845000 0.000644 -0.000417 0.000395
1.850000 0.000559 -0.000542 0.000351
1.855000 0.000407 -0.000620 0.000304
1.860000 0.000198 -0.000643 0.000258
1.865000 -0.000050 -0.000612 0.000213
1.870000 -0.000316 -0.000531 0.000173
1.875000 -0.000580 -0.000411 0.000143
1.880000 -0.000817 -0.000265 0.000123
1.885000 -0.001008 -0.000107 0.000119
1.890000 -0.001136 0.000047 0.000130
1.895000 -0.001190 0.000184 0.000158
1.900000 -0.001166 0.000294 0.000200
1.905000 -0.001065 0.000370 0.000252
1.910000 -0.000895 0.000410 0.000307
1.915000 -0.000671 0.000416 0.000357
1.920000 -0.000407 0.000393 0.000394
1.925000 -0.000120 0.000351 0.000410
1.930000 0.000169 0.000297 0.000401
1.935000 0.000445 0.000241 0.000366
1.940000 0.000687 0.000188 0.000305
1.945000 0.000879 0.000145 0.000224
1.950000 0.001003 0.000112 0.000132
1.955000 0.001046 0.000088 0.000038
1.960000 0.001000 0.000069 -0.000049
1.965000 0.000860 0.000053 -0.000118
1.970000 0.000632 0.000032 -0.000161
1.975000 0.000328 0.000005 -0.000175
1.980000 -0.000029 -0.000032 -0.000157
1.985000 -0.000413 -0.000077 -0.000108
1.990000 -0.000791 -0.000127 -0.000034
1.995000 -0.001130 -0.000178 0.000060
2.000000 -0.001397 -0.000222 0.000162
2.005000 -0.001568 -0.000252 0.000265
2.010000 -0.001624 -0.000263 0.000356
2.015000 -0.001556 -0.000250 0.000427
2.020000 -0.001367 -0.000211 0.000471
2.025000 -0.001073 -0.000150 0.000485
2.030000 -0.000698 -0.000072 0.000467
2.035000 -0.000277 0.000015 0.000419
2.040000 0.000151 0.000100 0.000347
2.045000 0.000546 0.000173 0.000258
2.050000 0.000870 0.000225 0.000161
2.055000 0.001093 0.000247 0.000064
2.060000 0.001193 0.000236 -0.000023
2.065000 0.001165 0.000193 -0.000095
2.070000 0.001012 0.000123 -0.000144
2.075000 0.000751 0.000033 -0.000167
2.080000 0.000409 -0.000065 -0.000165
2.085000 0.000019 -0.000159 -0.000138
2.090000 -0.000382 -0.000237 -0.000091
2.095000 -0.000759 -0.000288 -0.000031
2.100000 -0.001079 -0.000306 0.000034
2.105000 -0.001313 -0.000289 0.000098
2.110000 -0.001441 -0.000236 0.000153
2.115000 -0.001454 -0.000155 0.000195
2.120000 -0.001350 -0.000055 0.000220
2.125000 -0.001141 0.000054 0.000229
2.130000 -0.000844 0.000159 0.000223
2.135000 -0.000489 0.000248 0.000205
2.140000 -0.000106 0.000314 0.000180
2.145000 0.000269 0.000349 0.000150
2.150000 0.000605 0.000352 0.000120
2.155000 0.000874 0.000324 0.000090
2.160000 0.001054 0.000270 0.000064
2.165000 0.001133 0.000197 0.000041
2.170000 0.001108 0.000114 0.000021
2.175000 0.000985 0.000028 0.000004
2.180000 0.000776 -0.000051 -0.000011
2.185000 0.000501 -0.000120 -0.000023
2.190000 0.000183 -0.000173 -0.000032
2.195000 -0.000151 -0.000210 -0.000038
2.200000 -0.000475 -0.000230 -0.000039
2.205000 -0.000762 -0.000237 -0.000034
2.210000 -0.000991 -0.000232 -0.000022
2.215000 -0.001144 -0.000219 -0.000003
2.220000 -0.001210 -0.000199 0.000023
2.225000 -0.001184 -0.000174 0.000054
2.230000 -0.001071 -0.000145 0.000088
2.235000 -0.000878 -0.000112 0.000121
2.240000 -0.000621 -0.000074 0.000149
2.245000 -0.000321 -0.000031 0.000167
2.250000 0.000001 0.000016 0.000172
2.255000 0.000320 0.000065 0.000162
2.260000 0.000612 0.000114 0.000138
2.265000 0.000853 0.000159 0.000102
2.270000 0.001025 0.000194 0.000057
2.275000 0.001112 0.000216 0.000009
2.280000 0.001103 0.000221 -0.000036
2.285000 0.000997 0.000206 -0.000075
2.290000 0.000797 0.000171 -0.000101
2.295000 0.000519 0.000119 -0.000113
2.300000 0.000180 0.000055 -0.000110
2.305000 -0.000191 -0.000013 -0.000093
2.310000 -0.000568 -0.000078 -0.000063
2.315000 -0.000920 -0.000129 -0.000027
2.320000 -0.001220 -0.000159 0.000014
2.325000 -0.001446 -0.000159 0.000052
2.330000 -0.001584 -0.000127 0.000085
2.335000 -0.001627 -0.000060 0.000108
2.340000 -0.001578 0.000038 0.000120
2.345000 -0.001448 0.000163 0.000121
2.350000 -0.001256 0.000305 0.000111
2.355000 -0.001026 0.000456 0.000093
2.360000 -0.000787 0.000603 0.000069
2.365000 -0.000566 0.000738 0.000044
2.370000 -0.000387 0.000850 0.000019
2.375000 -0.000271 0.000934 -0.000002
2.380000 -0.000227 0.000983 -0.000017
2.385000 -0.000259 0.000997 -0.000026
2.390000 -0.000360 0.000975 -0.000028
2.395000 -0.000517 0.000920 -0.000024
2.400000 -0.000707 0.000835 -0.000015
2.405000 -0.000908 0.000724 -0.000001
2.410000 -0.001092 0.000591 0.000016
2.415000 -0.001233 0.000439 0.000033
2.420000 -0.001309 0.000272 0.000048
2.425000 -0.001298 0.000091 0.000061
2.430000 -0.001188 -0.000102 0.000070
2.435000 -0.000968 -0.000305 0.000074
2.440000 -0.000636 -0.000516 0.000072
2.445000 -0.000198 -0.000733 0.000065
2.450000 0.000335 -0.000953 0.000054
2.455000 0.000945 -0.001173 0.000039
2.460000 0.001607 -0.001388 0.000022
2.465000 0.002293 -0.001595 0.000003
2.470000 0.002972 -0.001791 -0.000019
2.475000 0.003611 -0.001971 -0.000042
2.480000 0.004183 -0.002133 -0.000066
2.485000 0.004659 -0.002275 -0.000091
2.490000 0.005019 -0.002394 -0.000117
2.495000 0.005246 -0.002489 -0.000142
2.500000 0.005332 -0.002556 -0.000165
2.505000 0.005272 -0.002593 -0.000183
2.510000 0.005069 -0.002595 -0.000195
2.515000 0.004732 -0.002556 -0.000200
2.520000 0.004272 -0.002469 -0.000196
2.525000 0.003706 -0.002326 -0.000183
2.530000 0.003050 -0.002121 -0.000162
2.535000 0.002322 -0.001845 -0.000133
2.540000 0.001536 -0.001494 -0.000098
2.545000 0.000708 -0.001064 -0.000060
2.550000 -0.000154 -0.000557 -0.000020
2.555000 -0.001040 0.000025 0.000020
2.560000 -0.001945 0.000671 0.000056
2.565000 -0.002864 0.001370 0.000087
2.570000 -0.003791 0.002105 0.000113
2.575000 -0.004718 0.002856 0.000133
2.580000 -0.005637 0.003600 0.000148
2.585000 -0.006532 0.004314 0.000160
2.590000 -0.007388 0.004972 0.000170
2.595000 -0.008181 0.005550 0.000180
2.600000 -0.008888 0.006025 0.000193
2.605000 -0.009478 0.006377 0.000208
2.610000 -0.009922 0.006589 0.000225
2.615000 -0.010185 0.006646 0.000245
2.620000 -0.010238 0.006540 0.000265
2.625000 -0.010050 0.006265 0.000283
2.630000 -0.009598 0.005821 0.000297
2.635000 -0.008866 0.005211 0.000304
2.640000 -0.007847 0.004444 0.000304
2.645000 -0.006545 0.003531 0.000294
2.650000 -0.004978 0.002492 0.000274
2.655000 -0.003173 0.001348 0.000244
2.660000 -0.001174 0.000124 0.000204
2.665000 0.000969 -0.001150 0.000154
2.670000 0.003194 -0.002439 0.000098
2.675000 0.005434 -0.003709 0.000034
2.680000 0.007616 -0.004925 -0.000034
2.685000 0.009668 -0.006050 -0.000105
2.690000 0.011518 -0.007052 -0.000177
2.695000 0.013100 -0.007900 -0.000248
2.700000 0.014353 -0.008568 -0.000316
2.705000 0.015230 -0.009035 -0.000379
2.710000 0.015694 -0.009286 -0.000434
2.715000 0.015723 -0.009310 -0.000479
2.720000 0.015309 -0.009101 -0.000511
2.725000 0.014460 -0.008659 -0.000530
2.730000 0.013198 -0.007991 -0.000532
2.735000 0.011557 -0.007106 -0.000520
2.740000 0.009585 -0.006023 -0.000492
2.745000 0.007340 -0.004762 -0.000451
2.750000 0.004887 -0.003354 -0.000398
2.755000 0.002296 -0.001830 -0.000337
2.760000 -0.000358 -0.000231 -0.000270
2.765000 -0.003002 0.001403 -0.000198
2.770000 -0.005564 0.003026 -0.000123
2.775000 -0.007974 0.004592 -0.000048
2.780000 -0.010171 0.006055 0.000027
2.785000 -0.012095 0.007371 0.000100
2.790000 -0.013699 0.008497 0.000170
2.795000 -0.014938 0.009394 0.000235
2.800000 -0.015778 0.010030 0.000294
2.805000 -0.016194 0.010378 0.000345
2.810000 -0.016168 0.010419 0.000387
2.815000 -0.015694 0.010144 0.000419
2.820000 -0.014779 0.009554 0.000442
2.825000 -0.013438 0.008661 0.000454
2.830000 -0.011701 0.007489 0.000456
2.835000 -0.009609 0.006071 0.000446
2.840000 -0.007215 0.004451 0.000426
2.845000 -0.004583 0.002679 0.000395
2.850000 -0.001787 0.000813 0.000353
2.855000 0.001092 -0.001086 0.000301
2.860000 0.003965 -0.002957 0.000241
2.865000 0.006739 -0.004736 0.000175
2.870000 0.009319 -0.006363 0.000106
2.875000 0.011614 -0.007783 0.000035
2.880000 0.013535 -0.008943 -0.000034
2.885000 0.015008 -0.009801 -0.000099
2.890000 0.015970 -0.010321 -0.000158
2.895000 0.016377 -0.010481 -0.000211
2.900000 0.016204 -0.010270 -0.000257
2.905000 0.015452 -0.009692 -0.000294
2.910000 0.014140 -0.008768 -0.000323
2.915000 0.012313 -0.007530 -0.000341
2.920000 0.010035 -0.006025 -0.000348
2.925000 0.007389 -0.004311 -0.000341
2.930000 0.004473 -0.002455 -0.000320
2.935000 0.001398 -0.000527 -0.000284
2.940000 -0.001717 0.001401 -0.000234
2.945000 -0.004749 0.003255 -0.000171
2.950000 -0.007576 0.004968 -0.000099
2.955000 -0.010084 0.006478 -0.000022
2.960000 -0.012170 0.007729 0.000056
2.965000 -0.013749 0.008676 0.000130
2.970000 -0.014757 0.009284 0.000195
2.975000 -0.015156 0.009532 0.000249
2.980000 -0.014935 0.009411 0.000289
2.985000 -0.014110 0.008928 0.000315
2.990000 -0.012724 0.008105 0.000325
2.995000 -0.010845 0.006978 0.000321
3.000000 -0.008561 0.005594 0.000304
3.005000 -0.005977 0.004014 0.000274
3.010000 -0.003207 0.002303 0.000234
3.015000 -0.000373 0.000531 0.000186
3.020000 0.002405 -0.001231 0.000131
3.025000 0.005012 -0.002913 0.000071
3.030000 0.007344 -0.004451 0.000009
3.035000 0.009310 -0.005787 -0.000051
3.040000 0.010840 -0.006871 -0.000106
3.045000 0.011883 -0.007662 -0.000155
3.050000 0.012410 -0.008131 -0.000194
3.055000 0.012414 -0.008263 -0.000222
3.060000 0.011912 -0.008055 -0.000238
3.065000 0.010939 -0.007519 -0.000243
3.070000 0.009550 -0.006682 -0.000237
3.075000 0.007816 -0.005581 -0.000220
3.080000 0.005817 -0.004269 -0.000196
3.085000 0.003643 -0.002805 -0.000165
3.090000 0.001389 -0.001254 -0.000127
3.095000 -0.000854 0.000318 -0.000085
3.100000 -0.002995 0.001843 -0.000039
3.105000 -0.004952 0.003260 0.000009
3.110000 -0.006655 0.004511 0.000058
3.115000 -0.008041 0.005548 0.000104
3.120000 -0.009066 0.006331 0.000146
3.125000 -0.009697 0.006832 0.000182
3.130000 -0.009918 0.007033 0.000208
3.135000 -0.009729 0.006926 0.000224
3.140000 -0.009146 0.006519 0.000229
3.145000 -0.008198 0.005831 0.000225
3.150000 -0.006931 0.004894 0.000212
3.155000 -0.005400 0.003751 0.000192
3.160000 -0.003672 0.002455 0.000166
3.165000 -0.001817 0.001066 0.000136
3.170000 0.000086 -0.000350 0.000102
3.175000 0.001960 -0.001730 0.000065
3.180000 0.003730 -0.003009 0.000027
3.185000 0.005322 -0.004131 -0.000013
3.190000 0.006672 -0.005046 -0.000052
3.195000 0.007721 -0.005717 -0.000090
3.200000 0.008425 -0.006115 -0.000124
3.205000 0.008749 -0.006226 -0.000154
3.210000 0.008677 -0.006047 -0.000177
3.215000 0.008209 -0.005588 -0.000194
3.220000 0.007360 -0.004872 -0.000203
3.225000 0.006166 -0.003933 -0.000204
3.230000 0.004680 -0.002816 -0.000198
3.235000 0.002966 -0.001571 -0.000185
3.240000 0.001104 -0.000259 -0.000165
3.245000 -0.000821 0.001060 -0.000139
3.250000 -0.002718 0.002321 -0.000109
3.255000 -0.004497 0.003466 -0.000074
3.260000 -0.006072 0.004441 -0.000036
3.265000 -0.007364 0.005199 0.000003
3.270000 -0.008309 0.005706 0.000042
3.275000 -0.008856 0.005940 0.000079
3.280000 -0.008975 0.005891 0.000111
3.285000 -0.008655 0.005564 0.000139
3.290000 -0.007910 0.004979 0.000159
3.295000 -0.006772 0.004164 0.000171
3.300000 -0.005296 0.003161 0.000174
3.305000 -0.003556 0.002020 0.000168
3.310000 -0.001640 0.000797 0.000152
3.315000 0.000356 -0.000446 0.000129
3.320000 0.002327 -0.001650 0.000100
3.325000 0.004171 -0.002755 0.000065
3.330000 0.005790 -0.003707 0.000029
3.335000 0.007100 -0.004460 -0.000008
3.340000 0.008030 -0.004979 -0.000043
3.345000 0.008531 -0.005241 -0.000074
3.350000 0.008577 -0.005234 -0.000101
3.355000 0.008167 -0.004964 -0.000121
3.360000 0.007325 -0.004448 -0.000134
3.365000 0.006102 -0.003716 -0.000140
3.370000 0.004567 -0.002808 -0.000138
3.375000 0.002807 -0.001774 -0.000128
3.380000 0.000921 -0.000668 -0.000111
3.385000 -0.000986 0.000452 -0.000087
3.390000 -0.002809 0.001527 -0.000058
3.395000 -0.004447 0.002504 -0.000026
3.400000 -0.005814 0.003333 0.000007
3.405000 -0.006837 0.003974 0.000039
3.410000 -0.007465 0.004394 0.000068
3.415000 -0.007668 0.004576 0.000092
3.420000 -0.007441 0.004512 0.000110
3.425000 -0.006806 0.004209 0.000121
3.430000 -0.005804 0.003686 0.000125
3.435000 -0.004499 0.002973 0.000121
3.440000 -0.002971 0.002110 0.000110
3.445000 -0.001312 0.001145 0.000094
3.450000 0.000384 0.000132 0.000073
3.455000 0.002018 -0.000876 0.000048
3.460000 0.003500 -0.001823 0.000020
3.465000 0.004751 -0.002659 -0.000009
3.470000 0.005705 -0.003342 -0.000037
3.475000 0.006316 -0.003836 -0.000063
3.480000 0.006558 -0.004118 -0.000085
3.485000 0.006427 -0.004175 -0.000102
3.490000 0.005941 -0.004009 -0.000113
3.495000 0.005136 -0.003630 -0.000119
3.500000 0.004068 -0.003064 -0.000118
3.505000 0.002805 -0.002343 -0.000111
3.510000 0.001425 -0.001509 -0.000099
3.515000 0.000009 -0.000608 -0.000082
3.520000 -0.001362 0.000310 -0.000062
3.525000 -0.002612 0.001196 -0.000041
3.530000 -0.003677 0.002004 -0.000019
3.535000 -0.004502 0.002691 0.000001
3.540000 -0.005052 0.003222 0.000017
3.545000 -0.005305 0.003570 0.000029
3.550000 -0.005259 0.003720 0.000035
3.555000 -0.004928 0.003667 0.000034
3.560000 -0.004340 0.003415 0.000029
3.565000 -0.003539 0.002982 0.000018
3.570000 -0.002578 0.002394 0.000004
3.575000 -0.001517 0.001686 -0.000013
3.580000 -0.000418 0.000900 -0.000030
3.585000 0.000657 0.000079 -0.000048
3.590000 0.001650 -0.000730 -0.000064
3.595000 0.002513 -0.001482 -0.000080
3.600000 0.003204 -0.002138 -0.000094
3.605000 0.003697 -0.002663 -0.000105
3.610000 0.003975 -0.003031 -0.000114
3.615000 0.004033 -0.003225 -0.000119
3.620000 0.003880 -0.003238 -0.000120
3.625000 0.003533 -0.003072 -0.000117
3.630000 0.003019 -0.002740 -0.000110
3.635000 0.002373 -0.002262 -0.000100
3.640000 0.001633 -0.001667 -0.000086
3.645000 0.000843 -0.000991 -0.000070
3.650000 0.000043 -0.000271 -0.000052
3.655000 -0.000725 0.000452 -0.000034
3.660000 -0.001424 0.001137 -0.000015
3.665000 -0.002023 0.001746 0.000004
3.670000 -0.002498 0.002248 0.000022
3.675000 -0.002832 0.002615 0.000038
3.680000 -0.003014 0.002830 0.000052
3.685000 -0.003043 0.002883 0.000063
3.690000 -0.002921 0.002774 0.000071
3.695000 -0.002660 0.002512 0.000076
3.700000 -0.002275 0.002114 0.000078
3.705000 -0.001788 0.001606 0.000077
3.710000 -0.001224 0.001016 0.000075
3.715000 -0.000611 0.000379 0.000070
3.720000 0.000021 -0.000267 0.000065
3.725000 0.000642 -0.000886 0.000059
3.730000 0.001222 -0.001444 0.000053
3.735000 0.001735 -0.001909 0.000047
3.740000 0.002159 -0.002257 0.000040
3.745000 0.002473 -0.002469 0.000033
3.750000 0.002664 -0.002535 0.000026
3.755000 0.002722 -0.002453 0.000019
3.760000 0.002644 -0.002231 0.000013
3.765000 0.002432 -0.001883 0.000007
3.770000 0.002095 -0.001430 0.000002
3.775000 0.001647 -0.000899 -0.000002
3.780000 0.001110 -0.000322 -0.000005
3.785000 0.000509 0.000269 -0.000008
3.790000 -0.000126 0.000838 -0.000009
3.795000 -0.000763 0.001355 -0.000010
3.800000 -0.001368 0.001790 -0.000010
3.805000 -0.001908 0.002119 -0.000009
3.810000 -0.002353 0.002323 -0.000007
3.815000 -0.002679 0.002393 -0.000005
3.820000 -0.002863 0.002324 -0.000003
3.825000 -0.002892 0.002122 -0.000001
3.830000 -0.002760 0.001800 0.000001
3.835000 -0.002470 0.001376 0.000002
3.840000 -0.002033 0.000875 0.000001
3.845000 -0.001470 0.000326 -0.000000
3.850000 -0.000808 -0.000240 -0.000003
3.855000 -0.000084 -0.000793 -0.000006
3.860000 0.000663 -0.001300 -0.000010
3.865000 0.001389 -0.001736 -0.000014
3.870000 0.002052 -0.002075 -0.000018
3.875000 0.002611 -0.002300 -0.000022
3.880000 0.003032 -0.002399 -0.000025
3.885000 0.003288 -0.002369 -0.000027
3.890000 0.003360 -0.002212 -0.000027
3.895000 0.003240 -0.001939 -0.000025
3.900000 0.002933 -0.001568 -0.000021
3.905000 0.002453 -0.001121 -0.000014
3.910000 0.001825 -0.000626 -0.000005
3.915000 0.001086 -0.000112 0.000007
3.920000 0.000278 0.000391 0.000021
3.925000 -0.000550 0.000855 0.000037
3.930000 -0.001347 0.001254 0.000054
3.935000 -0.002063 0.001566 0.000070
3.940000 -0.002653 0.001774 0.000085
3.945000 -0.003079 0.001870 0.000099
3.950000 -0.003313 0.001850 0.000109
3.955000 -0.003340 0.001716 0.000116
3.960000 -0.003157 0.001480 0.000119
3.965000 -0.002777 0.001158 0.000117
3.970000 -0.002221 0.000770 0.000110
3.975000 -0.001527 0.000341 0.000099
3.980000 -0.000738 -0.000100 0.000083
3.985000 0.000094 -0.000527 0.000064
3.990000 0.000915 -0.000913 0.000041
3.995000 0.001671 -0.001233 0.000016
4.000000 0.002311 -0.001470 -0.000010
4.005000 0.002793 -0.001608 -0.000036
4.010000 0.003085 -0.001640 -0.000062
4.015000 0.003166 -0.001564 -0.000087
4.020000 0.003031 -0.001385 -0.000108
4.025000 0.002689 -0.001115 -0.000126
4.030000 0.002164 -0.000771 -0.000139
4.035000 0.001489 -0.000374 -0.000147
4.040000 0.000712 0.000051 -0.000149
4.045000 -0.000118 0.000476 -0.000144
4.050000 -0.000943 0.000876 -0.000133
4.055000 -0.001709 0.001225 -0.000116
4.060000 -0.002364 0.001501 -0.000094
4.065000 -0.002861 0.001687 -0.000068
4.070000 -0.003168 0.001772 -0.000040
4.075000 -0.003261 0.001750 -0.000010
4.080000 -0.003134 0.001624 0.000020
4.085000 -0.002794 0.001400 0.000048
4.090000 -0.002262 0.001093 0.000074
4.095000 -0.001576 0.000720 0.000098
4.100000 -0.000779 0.000305 0.000117
4.105000 0.000073 -0.000128 0.000133
4.110000 0.000923 -0.000553 0.000144
4.115000 0.001714 -0.000943 0.000152
4.120000 0.002392 -0.001277 0.000155
4.125000 0.002912 -0.001532 0.000155
4.130000 0.003239 -0.001695 0.000151
4.135000 0.003351 -0.001755 0.000144
4.140000 0.003239 -0.001709 0.000135
4.145000 0.002913 -0.001561 0.000123
4.150000 0.002395 -0.001320 0.000109
4.155000 0.001719 -0.001001 0.000093
4.160000 0.000932 -0.000626 0.000076
4.165000 0.000087 -0.000216 0.000057
4.170000 -0.000759 0.000203 0.000039
4.175000 -0.001550 0.000605 0.000020
4.180000 -0.002234 0.000967 0.000001
4.185000 -0.002767 0.001267 -0.000018
4.190000 -0.003114 0.001487 -0.000036
4.195000 -0.003255 0.001615 -0.000054
4.200000 -0.003182 0.001643 -0.000072
4.205000 -0.002904 0.001571 -0.000088
4.210000 -0.002439 0.001406 -0.000103
4.215000 -0.001823 0.001159 -0.000117
4.220000 -0.001098 0.000846 -0.000128
4.225000 -0.000314 0.000488 -0.000137
4.230000 0.000476 0.000109 -0.000143
4.235000 0.001218 -0.000267 -0.000145
4.240000 0.001863 -0.000617 -0.000143
4.245000 0.002369 -0.000918 -0.000138
4.250000 0.002705 -0.001154 -0.000129
4.255000 0.002852 -0.001310 -0.000116
4.260000 0.002803 -0.001377 -0.000100
4.265000 0.002566 -0.001352 -0.000080
4.270000 0.002160 -0.001238 -0.000057
4.275000 0.001618 -0.001044 -0.000033
4.280000 0.000978 -0.000783 -0.000007
4.285000 0.000287 -0.000473 0.000020
4.290000 -0.000407 -0.000137 0.000045
4.295000 -0.001056 0.000204 0.000068
4.300000 -0.001616 0.000527 0.000088
4.305000 -0.002051 0.000809 0.000104
4.310000 -0.002332 0.001032 0.000116
4.315000 -0.002443 0.001183 0.000123
4.320000 -0.002381 0.001250 0.000124
4.325000 -0.002153 0.001231 0.000120
4.330000 -0.001779 0.001126 0.000111
4.335000 -0.001288 0.000943 0.000095
4.340000 -0.000716 0.000693 0.000075
4.345000 -0.000106 0.000394 0.000052
4.350000 0.000499 0.000064 0.000025
4.355000 0.001057 -0.000274 -0.000003
4.360000 0.001530 -0.000597 -0.000030
4.365000 0.001885 -0.000886 -0.000057
4.370000 0.002101 -0.001119 -0.000080
4.375000 0.002164 -0.001281 -0.000101
4.380000 0.002073 -0.001363 -0.000117
4.385000 0.001836 -0.001357 -0.000128
4.390000 0.001473 -0.001264 -0.000135
4.395000 0.001012 -0.001090 -0.000137
4.400000 0.000486 -0.000846 -0.000134
4.405000 -0.000067 -0.000546 -0.000126
4.410000 -0.000608 -0.000210 -0.000115
4.415000 -0.001100 0.000142 -0.000101
4.420000 -0.001512 0.000487 -0.000084
4.425000 -0.001816 0.000806 -0.000065
4.430000 -0.001995 0.001077 -0.000046
4.435000 -0.002039 0.001284 -0.000027
4.440000 -0.001949 0.001415 -0.000010
4.445000 -0.001735 0.001461 0.000007
4.450000 -0.001414 0.001419 0.000022
4.455000 -0.001012 0.001293 0.000035
4.460000 -0.000558 0.001091 0.000045
4.465000 -0.000085 0.000826 0.000053
4.470000 0.000375 0.000515 0.000058
4.475000 0.000792 0.000177 0.000061
4.480000 0.001139 -0.000167 0.000060
4.485000 0.001397 -0.000497 0.000056
4.490000 0.001552 -0.000791 0.000051
4.495000 0.001598 -0.001035 0.000043
4.500000 0.001537 -0.001212 0.000035
4.505000 0.001378 -0.001313 0.000027
4.510000 0.001136 -0.001334 0.000018
4.515000 0.000831 -0.001274 0.000010
4.520000 0.000488 -0.001138 0.000003
4.525000 0.000130 -0.000936 -0.000004
4.530000 -0.000215 -0.000682 -0.000009
4.535000 -0.000526 -0.000393 -0.000014
4.540000 -0.000782 -0.000088 -0.000018
4.545000 -0.000968 0.000214 -0.000020
4.550000 -0.001076 0.000493 -0.000021
4.555000 -0.001103 0.000732 -0.000021
4.560000 -0.001051 0.000918 -0.000020
4.565000 -0.000930 0.001041 -0.000018
4.570000 -0.000750 0.001093 -0.000016
4.575000 -0.000530 0.001074 -0.000014
4.580000 -0.000285 0.000987 -0.000012
4.585000 -0.000035 0.000839 -0.000009
4.590000 0.000202 0.000641 -0.000007
4.595000 0.000411 0.000408 -0.000004
4.600000 0.000578 0.000156 -0.000001
4.605000 0.000694 -0.000097 0.000002
4.610000 0.000754 -0.000334 0.000006
4.615000 0.000757 -0.000540 0.000010
4.620000 0.000706 -0.000700 0.000013
4.625000 0.000609 -0.000805 0.000016
4.630000 0.000476 -0.000851 0.000018
4.635000 0.000319 -0.000834 0.000020
4.640000 0.000150 -0.000757 0.000021
4.645000 -0.000018 -0.000629 0.000021
4.650000 -0.000174 -0.000458 0.000020
4.655000 -0.000307 -0.000258 0.000019
4.660000 -0.000410 -0.000043 0.000017
4.665000 -0.000478 0.000171 0.000014
4.670000 -0.000509 0.000369 0.000010
4.675000 -0.000502 0.000536 0.000006
4.680000 -0.000460 0.000661 0.000001
4.685000 -0.000389 0.000736 -0.000003
4.690000 -0.000296 0.000755 -0.000008
4.695000 -0.000189 0.000717 -0.000011
4.700000 -0.000076 0.000627 -0.000014
4.705000 0.000035 0.000491 -0.000015
4.710000 0.000137 0.000318 -0.000016
4.715000 0.000224 0.000122 -0.000016
4.720000 0.000292 -0.000083 -0.000015
4.725000 0.000339 -0.000283 -0.000013
4.730000 0.000363 -0.000465 -0.000011
4.735000 0.000365 -0.000614 -0.000008
4.740000 0.000347 -0.000722 -0.000004
4.745000 0.000310 -0.000779 0.000001
4.750000 0.000260 -0.000783 0.000006
4.755000 0.000198 -0.000731 0.000011
4.760000 0.000130 -0.000628 0.000015
4.765000 0.000061 -0.000480 0.000019
4.770000 -0.000007 -0.000298 0.000022
4.775000 -0.000070 -0.000093 0.000024
4.780000 -0.000125 0.000121 0.000026
4.785000 -0.000171 0.000328 0.000026
4.790000 -0.000208 0.000516 0.000025
4.795000 -0.000235 0.000671 0.000024
4.800000 -0.000252 0.000784 0.000021
4.805000 -0.000260 0.000847 0.000018
4.810000 -0.000259 0.000856 0.000013
4.815000 -0.000250 0.000809 0.000008
4.820000 -0.000231 0.000709 0.000003
4.825000 -0.000205 0.000562 -0.000002
4.830000 -0.000171 0.000378 -0.000006
4.835000 -0.000131 0.000167 -0.000009
4.840000 -0.000085 -0.000056 -0.000011
4.845000 -0.000033 -0.000278 -0.000012
4.850000 0.000023 -0.000484 -0.000011
4.855000 0.000082 -0.000661 -0.000010
4.860000 0.000142 -0.000797 -0.000009
4.865000 0.000203 -0.000884 -0.000007
4.870000 0.000262 -0.000916 -0.000006
4.875000 0.000314 -0.000891 -0.000004
4.880000 0.000357 -0.000811 -0.000003
4.885000 0.000386 -0.000679 -0.000001
4.890000 0.000398 -0.000505 -0.000000
4.895000 0.000388 -0.000298 0.000001
4.900000 0.000356 -0.000071 0.000002
4.905000 0.000301 0.000161 0.000002
4.910000 0.000222 0.000383 0.000002
4.915000 0.000122 0.000583 0.000002
4.920000 0.000006 0.000746 0.000003
4.925000 -0.000122 0.000863 0.000003
4.930000 -0.000253 0.000926 0.000004
4.935000 -0.000380 0.000931 0.000006
4.940000 -0.000493 0.000877 0.000007
4.945000 -0.000584 0.000769 0.000008
4.950000 -0.000643 0.000613 0.000009
4.955000 -0.000663 0.000419 0.000009
4.960000 -0.000640 0.000200 0.000009
4.965000 -0.000572 -0.000031 0.000007
4.970000 -0.000460 -0.000259 0.000006
4.975000 -0.000309 -0.000470 0.000003
4.980000 -0.000128 -0.000650 0.000001
4.985000 0.000072 -0.000788 -0.000001
4.990000 0.000278 -0.000874 -0.000003
4.995000 0.000475 -0.000905 -0.000005
5.000000 0.000650 -0.000878 -0.000006
5.005000 0.000788 -0.000795 -0.000007
5.010000 0.000878 -0.000662 -0.000007
5.015000 0.000910 -0.000489 -0.000007
5.020000 0.000881 -0.000288 -0.000005
5.025000 0.000789 -0.000071 -0.000003
5.030000 0.000637 0.000147 0.000000
5.035000 0.000435 0.000352 0.000003
5.040000 0.000195 0.000532 0.000007
5.045000 -0.000066 0.000674 0.000009
5.050000 -0.000331 0.000770 0.000011
5.055000 -0.000579 0.000815 0.000013
5.060000 -0.000792 0.000807 0.000013
5.065000 -0.000954 0.000748 0.000012
5.070000 -0.001053 0.000641 0.000011
5.075000 -0.001079 0.000496 0.000010
5.080000 -0.001030 0.000321 0.000008
5.085000 -0.000908 0.000131 0.000006
5.090000 -0.000719 -0.000063 0.000004
5.095000 -0.000478 -0.000248 0.000002
5.100000 -0.000199 -0.000412 0.000001
5.105000 0.000098 -0.000545 -0.000000
5.110000 0.000390 -0.000639 -0.000001
5.115000 0.000657 -0.000689 -0.000001
5.120000 0.000880 -0.000694 -0.000001
5.125000 0.001041 -0.000654 -0.000001
5.130000 0.001128 -0.000573 -0.000000
5.135000 0.001135 -0.000458 -0.000000
5.140000 0.001060 -0.000316 -0.000001
5.145000 0.000909 -0.000157 -0.000001
5.150000 0.000693 0.000008 -0.000002
5.155000 0.000426 0.000167 -0.000002
5.160000 0.000127 0.000311 -0.000002
5.165000 -0.000183 0.000431 -0.000002
5.170000 -0.000482 0.000520 -0.000001
5.175000 -0.000749 0.000572 0.000001
5.180000 -0.000963 0.000585 0.000003
5.185000 -0.001111 0.000560 0.000005
5.190000 -0.001180 0.000498 0.000006
5.195000 -0.001165 0.000406 0.000007
5.200000 -0.001067 0.000288 0.000008
5.205000 -0.000891 0.000153 0.000008
5.210000 -0.000650 0.000010 0.000007
5.215000 -0.000361 -0.000131 0.000006
5.220000 -0.000045 -0.000262 0.000003
5.225000 0.000277 -0.000374 0.000000
5.230000 0.000583 -0.000459 -0.000003
5.235000 0.000851 -0.000513 -0.000007
5.240000 0.001062 -0.000532 -0.000011
5.245000 0.001201 -0.000516 -0.000015
5.250000 0.001258 -0.000465 -0.000018
5.255000 0.001230 -0.000384 -0.000021
5.260000 0.001117 -0.000279 -0.000022
5.265000 0.000927 -0.000158 -0.000023
5.270000 0.000673 -0.000027 -0.000022
5.275000 0.000374 0.000102 -0.000020
5.280000 0.000049 0.000223 -0.000017
5.285000 -0.000278 0.000325 -0.000014
5.290000 -0.000583 0.000403 -0.000010
5.295000 -0.000844 0.000451 -0.000006
5.300000 -0.001044 0.000465 -0.000003
5.305000 -0.001167 0.000444 0.000001
5.310000 -0.001206 0.000391 0.000004
5.315000 -0.001156 0.000308 0.000006
5.320000 -0.001022 0.000203 0.000008
5.325000 -0.000813 0.000082 0.000008
5.330000 -0.000544 -0.000044 0.000007
5.335000 -0.000234 -0.000167 0.000005
5.340000 0.000095 -0.000278 0.000002
5.345000 0.000418 -0.000368 -0.000001
5.350000 0.000710 -0.000431 -0.000004
5.355000 0.000951 -0.000462 -0.000007
5.360000 0.001120 -0.000459 -0.000009
5.365000 0.001204 -0.000421 -0.000010
5.370000 0.001197 -0.000352 -0.000011
5.375000 0.001098 -0.000257 -0.000010
5.380000 0.000914 -0.000141 -0.000009
5.385000 0.000657 -0.000014 -0.000007
5.390000 0.000346 0.000115 -0.000004
5.395000 0.000003 0.000236 -0.000001
5.400000 -0.000345 0.000340 0.000002
5.405000 -0.000675 0.000420 0.000006
5.410000 -0.000960 0.000470 0.000009
5.415000 -0.001178 0.000486 0.000012
5.420000 -0.001314 0.000467 0.000015
5.425000 -0.001354 0.000414 0.000017
5.430000 -0.001296 0.000331 0.000017
5.435000 -0.001142 0.000225 0.000017
5.440000 -0.000904 0.000102 0.000016
5.445000 -0.000598 -0.000029 0.000014
5.450000 -0.000246 -0.000158 0.000012
5.455000 0.000125 -0.000276 0.000009
5.460000 0.000488 -0.000375 0.000006
5.465000 0.000816 -0.000448 0.000002
5.470000 0.001085 -0.000490 -0.000001
5.475000 0.001275 -0.000497 -0.000005
5.480000 0.001372 -0.000469 -0.000008
5.485000 0.001368 -0.000409 -0.000010
5.490000 0.001264 -0.000320 -0.000011
5.495000 0.001067 -0.000208 -0.000012
5.500000 0.000792 -0.000082 -0.000012
5.505000 0.000458 0.000051 -0.000012
5.510000 0.000091 0.000181 -0.000010
5.515000 -0.000282 0.000299 -0.000009
5.520000 -0.000633 0.000398 -0.000007
5.525000 -0.000936 0.000471 -0.000005
5.530000 -0.001170 0.000513 -0.000003
5.535000 -0.001315 0.000520 -0.000001
5.540000 -0.001364 0.000492 0.000001
5.545000 -0.001312 0.000431 0.000003
5.550000 -0.001163 0.000340 0.000005
5.555000 -0.000930 0.000225 0.000006
5.560000 -0.000629 0.000094 0.000008
5.565000 -0.000282 -0.000044 0.000008
5.570000 0.000086 -0.000181 0.000009
5.575000 0.000446 -0.000307 0.000008
5.580000 0.000774 -0.000414 0.000007
5.585000 0.001045 -0.000495 0.000006
5.590000 0.001240 -0.000543 0.000003
5.595000 0.001344 -0.000556 0.000001
5.600000 0.001350 -0.000531 -0.000002
5.605000 0.001258 -0.000471 -0.000004
5.610000 0.001075 -0.000379 -0.000007
5.615000 0.000814 -0.000260 -0.000009
5.620000 0.000494 -0.000121 -0.000010
5.625000 0.000138 0.000028 -0.000011
5.630000 -0.000228 0.000176 -0.000010
5.635000 -0.000580 0.000315 -0.000009
5.640000 -0.000891 0.000435 -0.000007
5.645000 -0.001140 0.000527 -0.000004
5.650000 -0.001309 0.000584 -0.000001
5.655000 -0.001386 0.000603 0.000002
5.660000 -0.001365 0.000582 0.000004
5.665000 -0.001249 0.000521 0.000006
5.670000 -0.001044 0.000425 0.000008
5.675000 -0.000767 0.000300 0.000008
5.680000 -0.000437 0.000153 0.000008
5.685000 -0.000078 -0.000005 0.000007
5.690000 0.000283 -0.000165 0.000005
5.695000 0.000622 -0.000316 0.000002
5.700000 0.000913 -0.000446 -0.000000
5.705000 0.001136 -0.000549 -0.000003
5.710000 0.001274 -0.000615 -0.000006
5.715000 0.001318 -0.000642 -0.000008
5.720000 0.001265 -0.000627 -0.000009
5.725000 0.001117 -0.000572 -0.000010
5.730000 0.000885 -0.000480 -0.000010
5.735000 0.000587 -0.000359 -0.000009
5.740000 0.000243 -0.000216 -0.000007
5.745000 -0.000122 -0.000061 -0.000005
5.750000 -0.000481 0.000094 -0.000003
5.755000 -0.000809 0.000239 0.000000
5.760000 -0.001081 0.000365 0.000002
5.765000 -0.001279 0.000462 0.000005
5.770000 -0.001389 0.000524 0.000006
5.775000 -0.001402 0.000547 0.000007
5.780000 -0.001320 0.000529 0.000007
5.785000 -0.001148 0.000471 0.000007
5.790000 -0.000899 0.000378 0.000007
5.795000 -0.000592 0.000255 0.000006
5.800000 -0.000251 0.000110 0.000005
5.805000 0.000101 -0.000045 0.000003
5.810000 0.000437 -0.000201 0.000002
5.815000 0.000734 -0.000348 0.000001
5.820000 0.000969 -0.000476 0.000000
5.825000 0.001127 -0.000575 -0.000000
5.830000 0.001197 -0.000641 -0.000001
5.835000 0.001174 -0.000668 -0.000001
5.840000 0.001062 -0.000654 -0.000001
5.845000 0.000871 -0.000601 -0.000002
5.850000 0.000615 -0.000511 -0.000002
5.855000 0.000314 -0.000391 -0.000002
5.860000 -0.000009 -0.000248 -0.000003
5.865000 -0.000330 -0.000091 -0.000003
5.870000 -0.000626 0.000070 -0.000003
5.875000 -0.000874 0.000223 -0.000002
5.880000 -0.001058 0.000360 -0.000002
5.885000 -0.001164 0.000472 -0.000001
5.890000 -0.001185 0.000552 0.000001
5.895000 -0.001119 0.000596 0.000002
5.900000 -0.000972 0.000601 0.000003
5.905000 -0.000754 0.000569 0.000005
5.910000 -0.000482 0.000502 0.000006
5.915000 -0.000175 0.000404 0.000006
5.920000 0.000146 0.000285 0.000006
5.925000 0.000458 0.000151 0.000005
5.930000 0.000740 0.000014 0.000004
5.935000 0.000973 -0.000118 0.000002
5.940000 0.001142 -0.000234 -0.000000
5.945000 0.001235 -0.000326 -0.000002
5.950000 0.001249 -0.000388 -0.000004
5.955000 0.001184 -0.000415 -0.000006
5.960000 0.001045 -0.000405 -0.000007
5.965000 0.000845 -0.000358 -0.000007
5.970000 0.000598 -0.000279 -0.000007
5.975000 0.000324 -0.000171 -0.000007
5.980000 0.000042 -0.000043 -0.000005
5.985000 -0.000227 0.000096 -0.000004
5.990000 -0.000463 0.000238 -0.000002
5.995000 -0.000650 0.000371 -0.000000
